3.666667
19.544444
1.344444
1.355556
30.155556
33.955556
7.216667
3.005556
104.511111
52.783333
24.527778
7.877778
79.955556
75.083333
32.444444
7.061111
19.838889
69.250000
29.494444
2.094444
9.594444
31.144444
13.422222
1.161111
2.155556
5.572222
1.300000
0.116667
8.516667
78.344444
8.033333
5.061111
23.750000
91.888889
15.866667
7.338889
62.994444
58.744444
24.566667
9.727778
35.255556
78.450000
27.538889
5.111111
14.583333
80.700000
24.772222
2.522222
15.044444
35.988889
11.833333
2.777778
2.666667
7.844444
1.422222
0.866667
5.205556
53.127778
7.561111
2.627778
33.238889
44.300000
11.016667
4.600000
90.538889
36.533333
16.088889
10.650000
41.205556
59.100000
20.683333
6.288889
31.977778
66.222222
28.883333
7.583333
29.383333
63.250000
14.411111
22.577778
9.161111
33.188889
1.338889
26.600000
5.522222
15.472222
16.350000
0.100000
27.572222
36.438889
34.566667
2.300000
62.655556
44.716667
28.394444
12.022222
48.766667
71.566667
34.944444
11.466667
53.100000
58.650000
44.833333
8.761111
26.322222
64.055556
17.022222
26.644444
70.250000
56.144444
2.327778
74.788889
46.738889
34.227778
54.655556
0.555556
27.277778
46.127778
52.566667
3.083333
60.633333
35.927778
21.744444
17.372222
69.816667
29.161111
33.905556
15.250000
57.672222
13.894444
41.761111
3.072222
14.766667
8.888889
8.350000
5.650000
162.061111
18.994444
15.916667
40.838889
112.211111
43.900000
42.050000
16.283333
31.272222
35.544444
28.411111
5.727778
45.450000
35.616667
31.488889
9.377778
55.444444
32.422222
30.627778
14.883333
35.311111
12.655556
17.655556
8.466667
11.727778
3.188889
11.605556
0.633333
148.961111
13.927778
59.572222
4.305556
88.188889
101.733333
11.316667
51.661111
21.338889
125.744444
37.894444
17.755556
20.527778
78.872222
51.377778
4.522222
