5.572222
57.777778
4.211111
1.472222
25.388889
48.211111
10.444444
1.888889
88.794444
61.372222
20.211111
10.066667
72.088889
83.544444
21.444444
12.511111
26.177778
75.661111
16.316667
5.788889
10.505556
34.183333
6.344444
2.377778
3.172222
8.350000
0.950000
0.783333
16.638889
153.550000
12.450000
4.627778
23.583333
97.961111
18.488889
4.688889
45.766667
55.338889
27.722222
6.005556
25.333333
66.588889
23.388889
3.888889
7.205556
67.383333
14.155556
2.711111
6.611111
37.133333
8.022222
1.911111
5.005556
15.738889
3.472222
1.172222
15.350000
72.588889
7.983333
2.255556
42.716667
51.633333
15.894444
5.866667
62.427778
54.444444
22.566667
12.550000
19.838889
53.394444
13.927778
8.816667
6.688889
43.055556
18.888889
4.222222
9.522222
47.411111
28.322222
2.188889
11.638889
41.622222
15.861111
2.344444
10.877778
14.688889
2.655556
0.900000
27.477778
34.322222
10.355556
5.811111
33.483333
69.161111
19.177778
15.822222
23.655556
82.394444
21.616667
17.211111
25.611111
63.866667
32.538889
11.305556
22.027778
52.144444
34.805556
6.122222
9.361111
36.577778
14.927778
1.766667
5.300000
11.561111
3.961111
0.622222
13.227778
28.394444
18.072222
1.705556
22.688889
48.038889
44.216667
4.022222
27.727778
57.183333
42.011111
7.555556
44.416667
46.788889
19.872222
16.755556
33.144444
27.138889
9.138889
14.088889
7.405556
12.772222
3.733333
3.133333
20.894444
17.361111
7.622222
1.877778
36.377778
25.644444
25.233333
3.455556
37.916667
29.622222
38.477778
4.094444
22.138889
25.516667
22.583333
3.750000
25.916667
27.555556
8.138889
7.911111
19.683333
25.272222
5.066667
7.422222
10.250000
32.838889
7.227778
3.883333
28.877778
28.027778
2.533333
9.705556
44.638889
63.044444
6.372222
30.611111
34.955556
135.188889
6.944444
40.300000
