23.550000
48.805556
5.072222
0.394444
25.527778
62.933333
8.750000
0.277778
35.805556
98.577778
11.961111
0.588889
34.433333
126.616667
9.472222
2.466667
32.583333
130.877778
3.811111
7.872222
40.333333
103.583333
0.600000
13.838889
58.127778
69.483333
0.011111
14.988889
43.255556
81.555556
16.772222
2.105556
20.361111
61.144444
16.977778
0.205556
17.733333
59.516667
13.211111
0.227778
11.161111
59.400000
6.561111
0.888889
9.516667
59.505556
2.000000
5.177778
24.066667
53.477778
0.488889
16.133333
98.744444
52.316667
0.811111
28.283333
39.155556
81.727778
19.444444
4.383333
10.661111
38.755556
14.522222
0.105556
7.227778
23.694444
7.522222
0.022222
3.372222
13.305556
2.188889
0.022222
2.466667
10.516667
0.583333
1.022222
24.183333
18.988889
2.066667
6.905556
154.750000
27.672222
7.327778
18.738889
14.400000
33.577778
6.877778
2.688889
2.338889
9.383333
4.811111
0.033333
0.933333
2.722222
1.522222
0.000000
0.222222
0.605556
0.427778
0.000000
2.105556
1.577778
3.116667
0.000000
27.472222
12.833333
11.888889
0.327778
143.994444
28.566667
25.588889
2.327778
2.461111
5.077778
0.811111
0.350000
0.338889
1.038889
0.705556
0.016667
0.127778
0.411111
0.405556
0.000000
1.450000
1.966667
3.061111
0.000000
9.750000
8.550000
17.233333
0.000000
32.855556
25.788889
32.088889
0.000000
81.844444
45.255556
32.933333
0.022222
0.477778
0.750000
0.094444
0.000000
0.266667
1.033333
0.433333
0.000000
1.750000
3.105556
2.722222
0.011111
9.472222
9.755556
15.222222
0.061111
24.561111
20.811111
38.994444
0.022222
30.150000
29.161111
37.811111
0.000000
31.961111
31.116667
18.311111
0.000000
1.394444
1.933333
0.350000
0.133333
5.177778
4.600000
1.794444
0.516667
25.927778
25.877778
11.161111
1.733333
