50.861111
20.650000
3.600000
4.844444
6.105556
3.677778
0.983333
0.733333
4.522222
15.638889
3.216667
0.622222
49.183333
39.211111
9.866667
6.150000
115.250000
54.544444
13.672222
16.488889
56.138889
62.855556
7.550000
10.833333
21.105556
67.500000
5.516667
4.577778
125.494444
24.233333
9.533333
8.716667
16.594444
14.077778
5.211111
1.927778
8.388889
63.955556
16.188889
2.211111
19.005556
90.250000
20.222222
5.511111
57.394444
53.883333
14.588889
13.766667
41.466667
66.016667
10.538889
7.855556
21.405556
86.466667
9.311111
4.227778
189.711111
15.044444
10.383333
7.038889
20.305556
13.050000
5.088889
1.944444
5.627778
44.833333
11.977778
1.794444
15.616667
48.244444
9.344444
4.250000
82.311111
26.661111
5.911111
13.283333
69.005556
25.488889
5.333333
6.916667
16.272222
27.966667
3.088889
1.272222
202.105556
9.066667
8.016667
5.255556
17.677778
2.511111
2.477778
0.911111
3.900000
17.655556
7.477778
0.766667
13.905556
36.572222
8.022222
3.488889
81.577778
25.483333
6.733333
10.261111
76.655556
13.422222
2.800000
10.155556
17.994444
10.744444
0.366667
4.327778
201.216667
8.605556
5.116667
8.083333
32.505556
2.533333
5.616667
1.933333
36.733333
36.300000
24.888889
3.622222
20.833333
83.338889
19.494444
10.355556
50.700000
53.883333
10.666667
15.716667
53.700000
34.522222
5.405556
18.805556
25.544444
51.033333
1.916667
25.272222
185.411111
12.633333
4.088889
14.155556
48.622222
1.872222
4.305556
6.522222
80.361111
21.188889
15.711111
19.972222
40.900000
50.144444
14.911111
17.533333
60.177778
38.216667
14.744444
11.850000
48.016667
39.511111
9.666667
15.027778
40.022222
76.950000
3.300000
37.238889
173.877778
47.800000
6.438889
21.761111
45.283333
7.550000
2.677778
9.977778
58.972222
35.261111
2.538889
46.505556
