123.888889
103.855556
2.855556
18.311111
71.572222
40.500000
0.950000
13.677778
29.583333
9.416667
0.388889
5.177778
5.616667
1.900000
2.494444
0.466667
14.211111
8.938889
10.850000
0.344444
24.133333
19.250000
14.255556
1.105556
23.577778
20.161111
7.888889
1.005556
69.911111
33.888889
1.088889
12.066667
61.272222
22.438889
0.727778
15.883333
36.750000
14.083333
2.977778
9.833333
10.905556
15.038889
16.961111
1.372222
14.638889
27.955556
34.872222
0.444444
15.750000
32.116667
27.716667
0.805556
11.866667
24.900000
10.583333
1.161111
44.038889
19.350000
1.000000
7.522222
52.133333
26.544444
3.833333
15.766667
38.988889
38.072222
15.861111
14.133333
16.455556
46.061111
42.511111
3.294444
11.838889
45.500000
45.438889
0.711111
6.822222
32.572222
22.222222
0.605556
5.561111
18.150000
6.533333
0.766667
27.844444
21.550000
6.150000
3.466667
37.438889
35.227778
19.061111
6.994444
31.083333
44.911111
34.200000
5.661111
15.088889
38.955556
37.577778
1.688889
5.461111
22.427778
18.072222
0.238889
1.311111
9.100000
4.622222
0.200000
0.788889
3.883333
0.972222
0.100000
52.488889
42.188889
16.344444
1.511111
41.777778
34.805556
26.077778
1.672222
27.855556
25.933333
25.311111
0.977778
8.427778
10.783333
10.861111
0.294444
1.122222
3.061111
2.211111
0.050000
0.088889
2.455556
1.044444
0.000000
1.944444
8.011111
2.166667
0.533333
81.727778
43.983333
8.855556
8.988889
48.005556
31.255556
8.572222
11.322222
23.744444
26.755556
5.088889
8.388889
5.061111
22.100000
1.805556
2.877778
1.344444
22.894444
2.705556
0.744444
1.872222
28.638889
6.188889
0.300000
16.150000
55.900000
10.505556
3.455556
56.877778
63.194444
0.488889
19.872222
32.022222
97.050000
0.527778
29.866667
19.127778
151.294444
1.177778
26.522222
