197.605556
62.094444
7.655556
8.011111
43.555556
9.088889
2.427778
1.994444
10.477778
9.044444
2.766667
1.055556
20.483333
51.044444
11.755556
2.638889
17.455556
96.538889
14.055556
2.927778
24.638889
96.277778
8.750000
5.033333
36.250000
61.400000
3.938889
5.177778
172.316667
16.750000
7.450000
4.050000
37.705556
1.783333
2.511111
0.944444
10.066667
11.888889
4.344444
1.433333
13.288889
47.972222
12.533333
3.494444
6.994444
67.316667
11.727778
3.250000
7.694444
56.200000
5.133333
3.650000
14.800000
35.600000
2.933333
3.144444
183.300000
14.150000
6.994444
3.111111
36.366667
1.466667
2.177778
0.711111
5.272222
8.566667
2.877778
1.250000
4.666667
21.488889
5.883333
1.150000
1.838889
23.433333
3.350000
1.266667
2.088889
18.961111
1.083333
1.633333
3.738889
12.711111
0.738889
1.100000
187.350000
11.577778
4.477778
3.883333
34.816667
1.194444
1.344444
1.066667
3.683333
2.844444
1.411111
0.616667
5.244444
7.888889
1.561111
2.861111
3.711111
9.216667
0.750000
3.933333
0.577778
6.672222
0.305556
1.488889
1.505556
8.566667
1.288889
0.394444
185.194444
11.272222
2.261111
6.238889
36.827778
2.022222
1.227778
1.866667
6.688889
3.144444
1.044444
1.822222
18.855556
21.072222
0.933333
14.216667
14.105556
36.894444
1.244444
19.922222
2.966667
36.672222
1.883333
8.788889
8.905556
47.050000
5.833333
4.222222
172.105556
12.916667
1.677778
9.655556
40.422222
2.338889
1.311111
3.983333
7.877778
2.638889
0.383333
2.311111
20.950000
22.066667
0.322222
16.327778
19.927778
51.738889
1.388889
26.144444
10.072222
63.077778
2.483333
15.855556
26.377778
81.233333
7.455556
8.855556
192.088889
66.766667
5.983333
18.950000
61.777778
17.883333
4.172222
5.677778
7.816667
2.172222
0.577778
1.255556
