107.144444
38.022222
5.483333
9.772222
17.916667
12.461111
3.788889
2.233333
20.350000
81.361111
17.294444
4.972222
22.911111
154.855556
23.344444
10.233333
39.405556
167.272222
22.044444
14.200000
38.733333
134.955556
14.494444
11.172222
29.372222
66.261111
5.738889
4.750000
163.905556
21.300000
8.827778
7.977778
19.222222
6.305556
1.988889
1.638889
6.316667
30.405556
6.788889
1.811111
24.850000
48.344444
11.844444
5.250000
64.633333
43.588889
12.894444
14.038889
34.844444
51.794444
9.938889
9.711111
15.783333
57.755556
9.522222
3.550000
196.300000
9.888889
7.733333
4.977778
22.944444
8.522222
2.294444
2.094444
10.000000
57.388889
9.800000
4.366667
16.622222
94.872222
18.350000
6.400000
52.094444
56.505556
16.327778
13.583333
43.183333
61.116667
15.522222
8.477778
20.611111
77.077778
13.977778
3.144444
199.155556
7.722222
5.466667
5.722222
23.127778
6.550000
2.455556
1.900000
5.111111
38.755556
8.316667
2.583333
13.872222
59.455556
10.772222
5.144444
75.211111
34.633333
8.805556
12.783333
68.044444
21.311111
6.277778
8.955556
15.172222
22.144444
3.422222
2.638889
193.200000
8.455556
3.805556
10.416667
30.588889
2.894444
3.972222
2.377778
18.800000
31.600000
21.216667
1.516667
15.111111
79.777778
20.466667
6.322222
49.922222
54.472222
11.016667
14.100000
53.000000
35.366667
4.477778
20.077778
21.850000
48.172222
1.600000
19.611111
171.755556
12.861111
3.466667
16.505556
46.750000
2.694444
4.555556
5.900000
67.905556
21.022222
22.155556
14.150000
37.166667
60.222222
20.855556
14.100000
52.600000
47.666667
12.361111
12.850000
44.016667
43.316667
9.366667
18.166667
39.472222
86.705556
3.622222
42.200000
139.383333
38.300000
5.877778
21.461111
47.300000
7.916667
2.572222
9.577778
63.027778
35.088889
3.638889
45.055556
