1.161111
1.177778
0.133333
0.150000
16.988889
7.272222
0.405556
2.388889
86.566667
29.061111
3.700000
12.738889
115.327778
48.133333
9.694444
16.233333
35.661111
51.711111
7.250000
6.188889
3.550000
49.383333
5.233333
2.166667
9.027778
53.250000
5.611111
3.044444
0.333333
1.350000
0.133333
0.016667
5.855556
2.838889
0.216667
0.933333
51.316667
11.488889
2.144444
8.016667
78.055556
40.727778
8.500000
14.794444
26.033333
98.283333
12.211111
7.405556
2.727778
111.861111
11.250000
4.050000
14.511111
112.566667
11.611111
5.900000
0.100000
1.594444
0.216667
0.022222
2.327778
3.161111
0.122222
0.400000
37.344444
8.722222
0.883333
5.383333
91.277778
22.711111
5.194444
15.250000
47.494444
41.700000
6.272222
8.355556
4.283333
41.916667
3.638889
1.694444
3.638889
41.216667
3.761111
1.750000
6.988889
39.444444
9.972222
0.483333
1.116667
57.350000
7.244444
1.833333
22.466667
59.372222
5.061111
5.955556
76.355556
34.388889
5.650000
15.238889
58.305556
23.394444
2.011111
15.477778
9.350000
15.350000
0.233333
5.566667
0.800000
7.144444
0.055556
1.833333
65.538889
87.683333
30.483333
4.683333
10.394444
102.722222
18.366667
4.072222
13.666667
102.394444
7.283333
10.766667
46.033333
53.844444
7.455556
16.833333
42.072222
48.633333
4.972222
21.788889
12.822222
57.900000
1.183333
25.516667
10.383333
46.283333
0.516667
19.950000
122.972222
60.577778
14.683333
22.700000
25.716667
40.188889
7.544444
11.683333
21.627778
36.755556
5.644444
6.527778
65.072222
25.783333
12.350000
7.761111
51.238889
33.472222
9.105556
11.416667
18.061111
53.522222
1.977778
26.394444
36.838889
72.350000
1.666667
36.622222
84.983333
80.594444
1.455556
47.911111
30.766667
143.211111
3.405556
43.938889
25.738889
165.516667
22.988889
15.322222
