24.227778
13.933333
1.922222
2.138889
3.311111
1.544444
0.144444
0.511111
10.038889
3.050000
0.638889
1.327778
103.527778
23.288889
2.811111
21.138889
114.766667
35.077778
2.150000
25.127778
24.988889
25.594444
1.483333
5.033333
14.905556
38.438889
3.594444
1.783333
87.105556
29.116667
5.233333
7.033333
11.333333
7.188889
2.266667
1.322222
4.583333
24.944444
7.777778
0.583333
46.094444
37.477778
13.144444
6.816667
70.077778
37.161111
8.666667
14.450000
23.133333
66.288889
7.505556
6.227778
26.605556
118.155556
11.255556
4.705556
167.411111
23.122222
8.172222
7.672222
24.211111
19.538889
6.411111
2.416667
9.311111
77.011111
20.638889
2.127778
25.005556
85.055556
21.127778
6.822222
57.255556
45.400000
11.450000
12.816667
35.783333
68.338889
9.900000
5.288889
28.533333
114.116667
10.938889
3.222222
193.933333
13.472222
7.494444
6.911111
22.622222
13.505556
4.688889
2.061111
4.338889
33.011111
8.372222
1.255556
28.455556
28.327778
5.472222
3.955556
90.411111
16.161111
4.461111
9.188889
62.294444
16.744444
3.583333
3.700000
21.750000
19.755556
1.783333
0.777778
179.461111
19.777778
5.644444
14.338889
20.394444
2.794444
1.522222
2.833333
1.155556
0.605556
0.288889
0.094444
31.233333
0.850000
2.605556
0.522222
98.677778
5.522222
7.366667
2.500000
65.766667
9.016667
4.116667
2.066667
20.850000
3.900000
0.944444
0.316667
119.633333
31.094444
4.744444
20.861111
18.411111
5.627778
1.816667
3.866667
1.755556
0.488889
0.816667
0.127778
37.822222
1.955556
10.405556
0.105556
90.688889
10.133333
19.083333
0.572222
51.594444
11.272222
6.822222
0.522222
14.633333
4.477778
1.194444
0.072222
36.661111
21.961111
2.100000
9.844444
9.200000
5.288889
0.927778
2.194444
11.616667
7.500000
8.994444
0.633333
