14.072222
31.038889
1.505556
4.272222
25.761111
73.761111
2.961111
17.683333
33.827778
117.333333
4.161111
38.711111
27.327778
91.544444
3.438889
31.200000
12.605556
39.705556
1.277778
8.377778
3.727778
12.183333
0.177778
1.688889
1.277778
5.366667
0.122222
0.633333
1.416667
4.738889
0.455556
0.222222
1.788889
9.111111
0.877778
1.122222
4.750000
20.411111
1.988889
4.338889
7.666667
35.444444
2.988889
6.677778
5.005556
33.877778
1.983333
4.333333
2.066667
21.622222
0.422222
2.811111
3.755556
10.494444
0.116667
2.500000
4.188889
49.233333
9.594444
0.372222
1.133333
62.377778
17.844444
0.111111
0.711111
91.211111
23.400000
0.344444
0.744444
114.400000
16.088889
2.111111
1.722222
116.038889
5.105556
9.688889
5.738889
89.422222
1.222222
19.194444
24.705556
60.661111
1.094444
22.927778
11.633333
144.638889
29.205556
1.700000
1.761111
92.750000
32.000000
0.166667
0.605556
79.738889
23.083333
0.238889
0.616667
69.355556
9.855556
1.505556
3.133333
65.361111
2.550000
7.411111
19.800000
67.011111
2.644444
18.933333
103.916667
69.444444
7.422222
34.527778
4.583333
55.422222
9.266667
0.927778
0.522222
14.561111
5.416667
0.044444
0.127778
3.827778
1.488889
0.011111
0.950000
1.750000
0.994444
0.027778
6.177778
7.077778
5.177778
0.300000
30.455556
27.888889
14.344444
1.688889
121.661111
48.455556
30.872222
7.911111
0.066667
0.350000
0.072222
0.000000
0.044444
0.955556
0.400000
0.000000
0.316667
3.311111
2.394444
0.011111
3.677778
11.455556
10.711111
0.011111
15.950000
31.866667
27.850000
0.000000
29.927778
52.627778
35.233333
0.000000
53.405556
57.827778
30.461111
0.116667
2.627778
13.972222
2.005556
0.494444
4.366667
25.044444
6.172222
0.683333
12.450000
52.011111
21.277778
1.050000
