0.477778
7.400000
0.772222
0.183333
0.122222
9.200000
1.177778
0.000000
8.466667
18.322222
2.716667
0.983333
78.605556
39.755556
5.950000
10.844444
114.133333
53.155556
7.116667
19.183333
37.411111
57.955556
7.005556
7.750000
22.755556
98.811111
12.111111
5.111111
7.566667
94.038889
11.250000
2.555556
0.372222
84.955556
15.522222
0.250000
2.455556
102.866667
17.166667
0.588889
29.105556
89.366667
16.688889
6.116667
57.161111
53.438889
14.344444
12.311111
27.455556
86.411111
14.700000
5.122222
20.527778
142.588889
16.894444
4.711111
13.816667
147.483333
21.194444
5.461111
2.133333
98.661111
23.266667
0.527778
3.005556
105.750000
22.361111
1.127778
25.166667
94.638889
16.650000
8.855556
75.883333
43.016667
12.050000
12.327778
46.788889
33.727778
7.011111
3.838889
9.811111
43.883333
4.211111
0.916667
7.855556
32.766667
6.661111
1.694444
23.111111
24.827778
21.166667
1.605556
26.733333
65.694444
37.550000
3.544444
31.183333
84.627778
19.550000
14.261111
77.144444
33.027778
8.077778
16.727778
53.077778
8.950000
1.972222
6.811111
10.788889
4.533333
0.166667
1.488889
9.616667
2.272222
1.538889
1.783333
50.433333
14.977778
13.038889
14.227778
53.294444
49.311111
20.794444
22.122222
37.422222
58.455556
16.177778
14.522222
72.761111
26.361111
11.672222
11.450000
55.827778
9.372222
3.044444
6.844444
19.088889
5.944444
0.622222
1.644444
3.555556
1.155556
0.116667
1.416667
18.433333
14.727778
1.361111
15.466667
20.166667
64.100000
5.166667
28.355556
24.388889
86.572222
18.416667
14.311111
62.455556
36.977778
21.316667
6.916667
54.711111
11.750000
8.416667
3.066667
20.166667
6.638889
1.677778
0.916667
0.544444
1.755556
0.138889
0.327778
2.611111
15.650000
2.738889
2.811111
8.766667
56.472222
16.883333
6.066667
