71.650000
152.594444
5.500000
6.933333
26.361111
156.344444
5.116667
7.366667
18.100000
165.955556
3.394444
8.772222
16.127778
155.361111
1.544444
10.555556
17.677778
130.466667
1.661111
12.572222
21.311111
87.866667
1.716667
10.083333
25.066667
45.705556
1.377778
6.005556
9.205556
38.583333
1.200000
2.088889
3.055556
37.366667
1.522222
2.400000
2.911111
42.150000
0.972222
4.055556
4.077778
47.844444
0.677778
6.177778
6.277778
50.111111
1.083333
8.705556
9.300000
42.416667
1.211111
7.694444
12.794444
32.255556
1.900000
4.827778
0.400000
2.705556
0.127778
0.055556
0.138889
2.872222
0.250000
0.183333
0.194444
4.694444
0.377778
0.555556
0.838889
7.727778
0.477778
1.444444
1.677778
10.633333
0.544444
2.122222
2.205556
11.422222
0.500000
1.816667
3.644444
10.150000
0.816667
1.133333
3.705556
13.900000
0.588889
1.305556
1.227778
5.350000
0.361111
1.272222
0.550000
1.600000
0.183333
0.422222
0.200000
0.833333
0.138889
0.083333
0.088889
0.861111
0.100000
0.127778
0.094444
1.400000
0.144444
0.161111
0.450000
2.266667
0.477778
0.061111
23.866667
62.711111
1.261111
12.038889
8.583333
27.661111
0.222222
10.655556
3.777778
14.077778
0.038889
4.738889
1.161111
5.616667
0.055556
1.500000
0.427778
3.222222
0.300000
0.372222
0.761111
5.233333
1.122222
0.083333
4.783333
14.794444
2.683333
0.572222
40.205556
66.638889
0.661111
18.038889
21.777778
50.983333
0.194444
19.822222
13.338889
48.688889
0.161111
13.433333
8.044444
45.727778
0.522222
5.794444
5.583333
44.422222
1.744444
2.050000
6.611111
43.422222
4.277778
0.944444
31.677778
64.022222
7.655556
2.555556
36.311111
45.588889
0.500000
10.144444
33.222222
80.561111
0.183333
17.277778
26.677778
124.311111
0.605556
16.961111
