0.000000
0.000000
0.000000
0.000000
0.316667
0.350000
0.077778
0.000000
5.955556
4.783333
3.683333
0.000000
34.783333
25.955556
22.516667
0.400000
63.927778
63.044444
39.800000
1.727778
54.272222
68.083333
24.877778
1.588889
39.822222
44.822222
9.427778
0.805556
0.261111
1.144444
0.405556
0.000000
4.122222
9.911111
5.966667
0.000000
16.283333
31.911111
28.661111
0.000000
27.050000
46.477778
50.983333
0.000000
19.811111
37.922222
33.811111
0.000000
8.116667
17.938889
10.500000
0.000000
3.444444
6.822222
2.616667
0.105556
11.050000
39.205556
14.127778
0.216667
17.366667
54.372222
34.761111
0.077778
21.422222
58.344444
51.127778
0.027778
13.277778
34.494444
30.833333
0.005556
3.800000
11.488889
8.044444
0.000000
0.466667
2.377778
0.988889
0.000000
0.266667
0.283333
0.061111
0.000000
47.144444
115.400000
24.072222
12.272222
32.088889
64.755556
27.272222
13.116667
15.177778
42.611111
17.477778
9.344444
2.605556
10.794444
3.516667
2.483333
0.294444
0.855556
0.161111
0.166667
0.000000
0.000000
0.000000
0.000000
0.000000
0.000000
0.000000
0.000000
27.344444
90.388889
4.461111
18.916667
14.105556
74.494444
2.283333
30.294444
9.005556
81.872222
1.688889
40.544444
3.433333
55.033333
0.488889
31.755556
1.561111
24.150000
0.122222
14.166667
0.533333
6.255556
0.005556
3.061111
0.222222
0.872222
0.000000
0.116667
2.011111
13.283333
0.105556
2.522222
1.816667
24.361111
0.172222
8.894444
4.133333
47.077778
0.388889
24.022222
6.833333
67.611111
0.650000
43.027778
8.377778
68.288889
0.472222
43.783333
7.827778
49.166667
0.205556
26.744444
6.738889
28.527778
0.011111
11.488889
0.155556
0.622222
0.000000
0.022222
0.116667
1.088889
0.000000
0.194444
1.211111
4.855556
0.000000
1.922222
