4.922222
14.727778
1.011111
1.216667
18.972222
44.505556
2.900000
12.655556
37.244444
90.988889
4.716667
42.405556
34.244444
79.127778
5.394444
39.466667
16.422222
27.322222
3.838889
9.138889
3.200000
4.461111
1.122222
0.616667
0.394444
0.566667
0.116667
0.022222
3.077778
21.150000
2.716667
0.611111
1.600000
41.211111
6.677778
1.111111
4.866667
66.422222
13.872222
4.061111
15.738889
77.961111
19.972222
7.694444
20.188889
51.755556
18.733333
5.777778
11.555556
14.133333
7.500000
2.044444
1.077778
1.666667
1.016667
0.316667
10.261111
74.822222
9.572222
2.733333
3.894444
99.233333
18.000000
1.961111
9.427778
103.222222
29.350000
1.455556
32.350000
77.916667
45.461111
5.016667
34.727778
33.533333
43.022222
4.550000
11.216667
7.966667
12.205556
1.155556
0.861111
0.738889
0.966667
0.200000
4.950000
38.755556
5.133333
1.238889
6.016667
29.777778
10.722222
0.405556
25.700000
29.744444
38.716667
1.116667
40.505556
27.522222
65.894444
2.711111
18.122222
10.083333
28.777778
1.594444
1.916667
0.955556
3.555556
0.127778
1.400000
0.916667
0.805556
0.066667
3.400000
6.744444
5.788889
0.044444
17.022222
19.494444
29.633333
0.461111
33.961111
42.305556
55.950000
5.861111
30.866667
48.755556
32.416667
18.638889
16.011111
13.683333
5.094444
13.922222
2.594444
2.161111
0.933333
1.822222
10.916667
12.877778
11.166667
0.727778
25.111111
35.194444
33.061111
0.122222
25.277778
37.272222
52.483333
0.633333
16.833333
51.427778
35.400000
7.894444
31.977778
48.105556
8.194444
34.677778
39.661111
26.816667
2.094444
37.505556
10.438889
28.922222
9.177778
8.694444
31.966667
59.000000
45.766667
2.166667
117.605556
131.961111
55.672222
3.650000
38.505556
35.844444
39.194444
0.255556
9.222222
15.638889
10.905556
2.733333
