26.894444
116.822222
10.383333
6.166667
11.961111
150.061111
17.383333
3.716667
21.827778
165.661111
27.433333
5.755556
50.850000
128.744444
36.422222
10.805556
54.922222
68.133333
27.561111
7.805556
25.350000
24.205556
7.677778
2.822222
6.594444
5.122222
0.733333
0.516667
9.400000
43.916667
4.327778
2.255556
9.994444
38.750000
11.155556
1.022222
34.338889
35.850000
33.827778
1.050000
45.127778
26.450000
46.477778
1.633333
21.511111
15.338889
21.877778
0.827778
4.733333
7.138889
4.288889
0.372222
0.755556
1.850000
0.366667
0.238889
4.588889
10.300000
4.127778
0.272222
23.300000
20.233333
21.605556
0.827778
42.844444
39.855556
44.850000
2.694444
26.322222
63.711111
34.172222
2.905556
6.388889
73.205556
11.388889
5.338889
1.500000
54.594444
1.822222
11.383333
4.205556
27.538889
0.388889
11.311111
15.633333
45.355556
23.933333
0.944444
22.577778
47.422222
39.144444
1.588889
19.288889
69.888889
36.400000
4.355556
6.566667
100.494444
23.427778
3.411111
1.122222
107.983333
8.922222
9.327778
5.366667
96.077778
2.261111
28.450000
50.533333
78.850000
2.572222
47.922222
21.694444
82.383333
34.050000
2.272222
6.955556
42.138889
29.355556
0.727778
1.916667
33.316667
16.505556
0.716667
0.405556
24.850000
6.750000
0.350000
0.172222
21.672222
2.327778
1.994444
10.272222
31.722222
6.977778
10.294444
127.566667
58.450000
24.338889
32.533333
10.594444
42.861111
11.322222
2.055556
2.022222
12.094444
6.150000
1.200000
0.488889
4.450000
1.727778
0.577778
0.366667
5.761111
3.816667
0.100000
1.844444
16.583333
16.155556
0.027778
12.588889
35.877778
38.961111
0.216667
84.444444
59.200000
56.488889
2.388889
6.733333
23.638889
1.405556
3.600000
6.533333
43.077778
3.650000
5.994444
8.116667
78.950000
12.322222
7.544444
