3.377778
3.194444
0.205556
0.544444
45.633333
14.822222
2.255556
7.400000
133.627778
28.255556
4.905556
18.444444
78.761111
11.038889
4.161111
8.672222
17.738889
9.650000
17.088889
1.866667
36.538889
22.383333
21.150000
5.783333
26.827778
14.922222
5.994444
3.322222
7.644444
32.466667
7.916667
1.838889
30.550000
33.150000
11.072222
3.727778
94.944444
17.711111
9.722222
7.577778
70.566667
7.311111
19.438889
4.538889
39.750000
21.250000
48.244444
3.655556
74.805556
22.372222
32.783333
8.938889
45.661111
8.738889
8.888889
3.000000
32.344444
85.494444
27.533333
6.861111
41.461111
52.405556
23.522222
7.033333
81.344444
22.611111
19.316667
8.483333
68.344444
18.522222
46.461111
5.883333
58.577778
20.300000
53.650000
3.350000
113.294444
9.550000
21.661111
5.605556
51.433333
2.922222
6.327778
1.616667
52.783333
55.077778
25.127778
6.466667
63.672222
26.833333
27.050000
6.055556
67.805556
21.100000
29.777778
7.061111
57.750000
15.077778
43.355556
3.783333
52.511111
5.927778
20.633333
2.561111
122.588889
1.872222
8.627778
6.488889
48.627778
1.800000
3.583333
2.577778
61.161111
18.961111
23.116667
3.072222
55.266667
25.716667
32.483333
4.900000
65.244444
23.566667
28.772222
6.283333
59.527778
4.877778
14.116667
3.033333
39.916667
0.655556
3.233333
3.883333
111.827778
2.561111
3.444444
18.100000
50.105556
7.627778
4.794444
11.927778
69.711111
29.272222
35.005556
3.133333
46.494444
23.122222
31.127778
3.500000
88.427778
13.594444
13.827778
6.205556
70.050000
1.744444
2.961111
3.511111
23.866667
0.466667
0.288889
4.233333
71.966667
7.327778
1.794444
32.488889
53.688889
38.022222
8.194444
37.727778
71.355556
54.983333
28.294444
5.633333
54.977778
25.105556
17.927778
5.677778
119.988889
28.372222
9.138889
11.844444
