24.833333
49.338889
2.161111
4.811111
22.333333
69.472222
2.455556
12.961111
22.022222
110.205556
2.811111
29.627778
19.077778
116.500000
2.477778
36.744444
14.683333
74.627778
1.650000
21.305556
7.805556
34.155556
0.772222
7.577778
5.300000
17.761111
0.272222
3.333333
64.872222
47.277778
7.144444
5.583333
30.866667
22.733333
5.750000
2.927778
10.244444
14.727778
2.755556
2.750000
5.605556
20.722222
2.044444
5.138889
4.600000
23.344444
1.672222
5.327778
3.044444
16.416667
0.816667
2.711111
2.527778
9.922222
0.388889
1.561111
115.100000
41.911111
10.405556
6.483333
45.216667
32.916667
8.461111
4.105556
12.522222
44.211111
8.488889
1.600000
4.405556
59.905556
7.550000
1.327778
0.983333
64.888889
3.533333
3.527778
0.888889
48.438889
0.694444
8.100000
3.733333
27.550000
0.194444
8.733333
93.572222
65.172222
9.016667
9.705556
24.183333
78.738889
16.850000
6.438889
6.366667
102.011111
21.438889
2.327778
2.488889
113.811111
14.977778
3.388889
0.972222
115.827778
5.238889
8.761111
7.394444
99.644444
1.716667
23.355556
50.033333
76.083333
1.777778
37.227778
35.227778
65.883333
6.622222
6.288889
5.277778
47.622222
13.611111
2.444444
1.555556
38.627778
11.283333
1.011111
0.877778
30.761111
5.411111
1.272222
1.961111
31.561111
2.794444
3.294444
17.500000
41.161111
7.288889
11.450000
122.038889
54.905556
18.522222
27.544444
7.105556
26.577778
1.572222
2.344444
1.655556
12.772222
2.338889
1.877778
0.733333
8.583333
2.044444
1.072222
1.011111
13.233333
5.388889
0.288889
4.355556
26.411111
16.616667
0.127778
18.255556
42.922222
31.222222
0.733333
87.144444
54.211111
42.433333
3.511111
15.272222
49.622222
1.372222
5.155556
9.422222
69.500000
4.794444
6.227778
10.005556
107.438889
14.900000
4.822222
