21.700000
70.200000
8.838889
4.683333
23.433333
125.266667
17.394444
7.950000
57.527778
130.772222
17.861111
19.138889
90.066667
55.161111
13.166667
16.738889
47.438889
11.188889
4.422222
6.083333
41.572222
14.772222
1.061111
7.605556
21.150000
8.833333
1.088889
3.127778
5.361111
19.422222
4.194444
0.888889
7.561111
18.377778
4.011111
1.372222
71.988889
12.383333
10.266667
5.516667
97.250000
6.022222
16.522222
4.327778
37.544444
6.344444
5.222222
3.122222
77.338889
13.061111
5.250000
9.472222
48.877778
19.150000
4.472222
6.577778
1.594444
9.966667
4.855556
0.094444
7.050000
24.666667
10.488889
0.594444
63.188889
30.055556
24.905556
4.205556
64.927778
49.705556
21.650000
8.827778
25.088889
70.883333
11.522222
6.761111
72.805556
39.522222
14.616667
10.300000
59.283333
63.850000
10.877778
14.588889
20.977778
37.605556
35.516667
0.688889
15.672222
66.861111
40.188889
2.400000
48.866667
51.627778
36.122222
7.527778
32.927778
67.772222
24.527778
8.094444
25.005556
84.800000
10.238889
10.477778
66.427778
46.133333
14.722222
12.783333
56.272222
87.844444
12.200000
20.127778
88.472222
47.044444
57.944444
6.216667
38.894444
39.466667
42.372222
3.777778
82.861111
19.533333
36.305556
3.644444
36.416667
13.177778
12.877778
1.605556
45.455556
14.938889
9.627778
3.055556
95.650000
16.127778
19.816667
4.905556
49.611111
43.527778
8.261111
13.822222
123.922222
47.138889
26.777778
25.516667
46.383333
29.988889
37.122222
5.250000
65.855556
8.333333
33.672222
0.572222
24.311111
1.011111
7.472222
0.061111
61.922222
2.144444
20.672222
0.316667
88.188889
5.688889
25.155556
1.166667
30.111111
11.155556
4.633333
4.555556
82.300000
86.388889
10.127778
43.605556
35.505556
72.833333
36.822222
9.794444
35.877778
16.527778
26.144444
0.383333
