4.627778
33.200000
2.027778
0.800000
27.244444
29.566667
6.177778
1.911111
90.288889
42.911111
14.700000
7.288889
86.155556
60.927778
17.522222
8.283333
34.344444
59.622222
13.111111
3.833333
13.166667
44.222222
6.372222
1.938889
9.555556
25.177778
2.555556
1.422222
14.911111
137.216667
10.255556
4.472222
19.055556
88.761111
14.633333
4.138889
41.511111
54.194444
22.938889
5.544444
30.033333
65.916667
22.777778
4.750000
10.005556
83.866667
15.983333
2.200000
6.855556
62.133333
8.538889
1.150000
8.905556
33.677778
3.488889
1.205556
17.061111
108.244444
9.922222
3.872222
42.016667
66.283333
15.022222
4.022222
64.438889
38.216667
22.911111
4.622222
27.111111
37.444444
16.288889
1.177778
2.666667
43.527778
6.644444
0.716667
0.877778
34.066667
2.211111
1.855556
1.516667
18.955556
0.988889
2.394444
17.116667
17.155556
3.972222
0.977778
54.533333
25.194444
13.433333
3.405556
61.000000
53.644444
22.372222
6.650000
18.377778
89.111111
21.427778
3.083333
1.361111
109.388889
11.927778
3.633333
2.150000
100.916667
3.216667
15.283333
22.200000
68.716667
1.311111
31.394444
14.500000
18.572222
4.172222
1.666667
27.116667
36.500000
11.133333
4.594444
18.261111
66.688889
19.527778
5.611111
4.238889
79.088889
19.244444
2.272222
0.661111
77.922222
9.072222
3.066667
7.650000
76.338889
6.216667
14.450000
101.472222
77.977778
15.177778
43.394444
4.944444
11.150000
1.172222
1.277778
5.011111
17.116667
3.805556
1.611111
2.727778
17.566667
5.505556
1.077778
0.783333
13.838889
5.588889
0.244444
1.233333
19.050000
12.094444
0.155556
10.711111
34.800000
30.594444
1.605556
99.111111
57.600000
53.127778
8.505556
4.677778
14.233333
1.533333
2.000000
7.994444
35.055556
4.405556
5.155556
9.033333
75.211111
10.161111
5.916667
