26.977778
86.900000
7.094444
2.438889
8.816667
79.383333
5.994444
0.350000
15.077778
98.705556
7.911111
0.427778
22.383333
122.011111
10.605556
1.277778
27.861111
129.288889
10.766667
3.472222
33.483333
114.055556
9.627778
4.477778
119.994444
128.822222
15.638889
8.666667
28.933333
105.800000
12.161111
4.527778
6.816667
77.855556
12.727778
0.077778
9.827778
74.705556
13.222222
0.177778
16.833333
66.855556
15.122222
1.000000
31.805556
50.477778
21.955556
4.172222
27.894444
33.705556
22.183333
2.727778
46.372222
41.555556
23.277778
1.050000
13.211111
74.200000
10.077778
3.577778
1.816667
39.783333
9.672222
0.016667
6.572222
27.216667
9.700000
0.066667
30.461111
25.261111
25.627778
0.327778
42.844444
31.522222
40.255556
0.777778
23.172222
29.594444
26.633333
0.522222
12.844444
17.805556
10.605556
0.022222
1.511111
13.105556
2.544444
0.627778
1.533333
4.905556
2.383333
0.011111
22.916667
5.827778
10.200000
0.177778
62.250000
14.466667
33.322222
0.261111
44.138889
19.355556
30.294444
0.122222
9.688889
10.788889
8.955556
0.077778
1.566667
3.011111
1.444444
0.000000
0.505556
1.350000
0.494444
0.072222
5.022222
1.366667
1.161111
0.283333
46.111111
4.111111
8.211111
3.022222
89.094444
9.250000
18.433333
6.111111
39.450000
7.372222
9.816667
2.372222
3.033333
1.766667
1.238889
0.105556
0.288889
0.900000
0.144444
0.000000
0.366667
0.227778
0.061111
0.011111
5.383333
0.883333
0.288889
0.755556
38.083333
4.544444
1.833333
9.472222
74.944444
16.833333
3.450000
27.394444
33.827778
24.527778
1.522222
20.955556
3.533333
15.938889
0.355556
5.572222
2.311111
10.455556
0.716667
1.194444
0.077778
0.027778
0.000000
0.005556
2.111111
0.738889
0.033333
0.627778
15.005556
7.305556
0.094444
8.050000
