2.516667
19.344444
2.088889
0.383333
21.122222
30.600000
5.644444
2.111111
103.077778
44.933333
13.011111
14.844444
75.455556
45.594444
16.183333
12.655556
14.977778
29.600000
9.861111
3.050000
31.138889
20.588889
3.044444
16.827778
46.727778
41.366667
1.283333
36.388889
10.094444
95.900000
13.144444
2.572222
11.400000
93.750000
16.438889
3.255556
59.638889
57.888889
20.083333
10.788889
50.455556
52.500000
24.222222
9.355556
12.061111
37.566667
12.772222
2.400000
12.555556
14.350000
2.055556
9.094444
38.438889
42.394444
2.072222
35.838889
9.033333
88.800000
12.627778
2.883333
13.122222
64.488889
11.116667
2.794444
85.083333
36.722222
11.427778
10.311111
70.822222
32.733333
13.577778
7.366667
6.205556
44.216667
8.055556
3.788889
5.927778
31.372222
2.266667
10.500000
26.866667
39.427778
2.222222
32.261111
2.250000
18.738889
6.505556
0.494444
13.166667
30.233333
17.166667
0.744444
69.927778
36.261111
26.105556
6.894444
54.127778
68.605556
27.655556
9.600000
7.422222
103.427778
16.138889
15.155556
12.494444
68.994444
3.733333
33.777778
36.838889
43.166667
2.400000
38.316667
26.738889
33.994444
31.572222
0.727778
21.383333
56.550000
46.377778
1.333333
64.944444
44.238889
31.888889
6.416667
63.372222
32.155556
20.138889
4.444444
12.111111
37.644444
7.038889
9.194444
40.527778
28.350000
3.733333
27.944444
94.544444
27.061111
8.733333
31.172222
86.277778
44.094444
30.966667
13.338889
45.916667
37.683333
26.827778
9.550000
94.872222
19.016667
17.900000
4.522222
76.300000
3.550000
8.116667
1.877778
14.183333
3.194444
3.977778
1.422222
52.050000
6.716667
19.300000
4.866667
108.955556
17.133333
29.155556
6.744444
76.961111
81.188889
6.222222
41.850000
42.288889
125.655556
16.005556
36.394444
78.211111
88.450000
33.716667
10.800000
