35.533333
16.988889
0.827778
5.405556
66.194444
19.322222
3.066667
10.038889
51.650000
13.850000
4.283333
6.316667
43.622222
11.216667
8.361111
2.066667
117.172222
25.911111
19.933333
8.750000
59.277778
24.311111
9.333333
10.222222
3.433333
5.927778
0.333333
3.827778
34.138889
10.666667
1.516667
7.788889
69.011111
13.938889
5.188889
13.216667
51.616667
32.944444
14.805556
9.077778
29.194444
51.427778
30.888889
3.666667
55.766667
56.144444
33.033333
10.966667
28.111111
71.294444
10.211111
36.116667
18.900000
34.322222
0.727778
40.727778
27.777778
13.666667
12.550000
5.238889
54.633333
27.616667
23.227778
10.044444
44.077778
48.927778
31.466667
9.016667
51.111111
53.105556
40.744444
5.883333
65.716667
34.072222
33.916667
5.627778
20.055556
39.244444
7.038889
26.594444
92.955556
35.905556
1.227778
75.155556
51.950000
30.177778
43.755556
1.994444
44.538889
36.227778
34.972222
10.372222
64.438889
29.438889
18.233333
17.655556
80.066667
18.672222
35.272222
6.288889
62.950000
4.272222
25.633333
1.066667
12.566667
2.127778
2.355556
4.305556
175.300000
9.366667
7.044444
36.366667
119.233333
36.188889
44.277778
5.288889
46.150000
24.444444
20.705556
11.011111
65.972222
23.888889
15.100000
20.416667
70.194444
18.216667
29.250000
10.338889
34.866667
3.238889
14.277778
3.272222
10.305556
0.600000
4.227778
0.366667
179.583333
7.494444
32.822222
5.311111
132.744444
46.816667
15.733333
26.750000
32.922222
38.566667
22.111111
9.155556
45.727778
32.033333
29.444444
7.316667
49.850000
23.772222
16.666667
13.144444
22.188889
6.983333
5.372222
7.066667
22.827778
2.366667
18.805556
0.366667
127.766667
14.294444
60.405556
0.466667
80.722222
88.572222
7.172222
42.766667
24.638889
102.750000
30.500000
13.644444
27.872222
56.261111
34.488889
4.533333
