0.411111
0.050000
0.027778
0.000000
6.877778
1.138889
1.650000
0.000000
54.166667
8.194444
20.716667
1.355556
105.050000
17.527778
47.255556
4.711111
45.327778
10.738889
25.155556
3.077778
5.611111
2.811111
4.155556
0.388889
0.716667
0.533333
0.316667
0.022222
1.172222
0.288889
0.161111
0.000000
15.761111
2.883333
6.711111
0.044444
61.538889
6.850000
38.094444
0.116667
51.722222
5.611111
41.905556
0.116667
7.672222
1.472222
9.366667
0.066667
0.300000
0.188889
0.622222
0.022222
2.350000
0.672222
0.611111
0.044444
5.250000
1.777778
1.294444
0.000000
38.561111
8.627778
18.905556
0.461111
70.844444
18.138889
47.877778
2.450000
27.583333
21.311111
22.888889
5.916667
4.216667
7.400000
1.738889
4.788889
1.172222
0.255556
0.188889
0.438889
7.450000
2.033333
2.711111
0.294444
19.927778
7.933333
7.900000
0.027778
53.711111
17.888889
33.883333
1.816667
42.788889
42.611111
42.744444
9.333333
29.250000
53.005556
18.527778
25.083333
30.088889
12.372222
1.316667
19.344444
7.294444
1.105556
1.538889
1.816667
26.861111
13.272222
15.577778
1.055556
52.844444
24.577778
23.677778
0.100000
42.105556
21.233333
38.116667
1.644444
23.277778
33.394444
35.333333
6.683333
51.333333
24.150000
9.550000
28.733333
68.444444
8.388889
2.627778
29.550000
19.600000
9.294444
11.750000
5.977778
52.644444
33.883333
53.366667
1.894444
94.661111
37.055556
32.111111
0.594444
44.388889
14.161111
28.072222
0.133333
13.627778
6.994444
10.183333
1.750000
41.494444
3.488889
1.305556
18.166667
70.555556
15.472222
3.738889
34.355556
33.394444
30.783333
26.127778
11.883333
56.416667
37.577778
64.261111
1.433333
169.577778
119.088889
31.272222
6.805556
49.616667
16.066667
14.455556
0.005556
4.022222
0.922222
1.011111
0.322222
