1.894444
2.355556
0.188889
0.083333
24.644444
13.144444
0.944444
3.900000
86.722222
38.222222
1.994444
18.727778
91.222222
45.855556
2.783333
22.794444
34.088889
41.533333
6.505556
7.227778
17.994444
53.966667
10.077778
0.772222
42.055556
79.177778
10.688889
2.833333
5.872222
31.638889
2.883333
0.738889
7.761111
42.694444
6.694444
1.850000
33.066667
48.755556
10.544444
7.988889
44.733333
43.550000
8.572222
15.277778
27.783333
61.183333
12.372222
9.450000
17.255556
75.594444
16.444444
2.316667
29.483333
83.344444
14.083333
2.344444
17.050000
103.800000
8.772222
3.088889
4.677778
100.372222
15.416667
1.277778
7.761111
91.455556
17.294444
3.000000
19.172222
64.322222
9.305556
17.188889
32.433333
52.588889
7.827778
27.883333
22.466667
54.005556
8.588889
16.305556
13.888889
47.277778
6.172222
4.805556
7.683333
64.983333
5.427778
1.794444
0.911111
43.783333
6.827778
0.388889
0.677778
31.627778
5.327778
0.988889
7.716667
24.727778
2.338889
10.916667
24.100000
37.144444
2.094444
33.227778
22.838889
54.916667
3.355556
34.355556
16.472222
61.738889
2.933333
20.844444
8.061111
41.888889
1.400000
8.772222
2.627778
12.061111
0.672222
5.516667
0.516667
2.972222
0.188889
1.277778
1.333333
2.327778
0.422222
1.127778
7.044444
12.716667
1.927778
7.366667
10.888889
34.366667
2.700000
13.533333
12.977778
58.722222
3.061111
14.683333
20.822222
81.983333
1.522222
28.283333
11.283333
50.744444
1.211111
34.394444
4.444444
32.766667
0.227778
20.183333
0.811111
19.155556
0.105556
6.350000
1.155556
12.711111
0.677778
1.933333
1.705556
12.627778
1.400000
0.911111
3.377778
17.027778
2.416667
1.011111
11.194444
37.183333
0.444444
17.766667
15.927778
67.877778
0.622222
42.261111
14.811111
121.850000
0.350000
51.244444
