13.550000
41.911111
5.266667
2.161111
77.216667
37.333333
18.288889
4.705556
99.472222
52.416667
27.566667
6.533333
37.266667
47.538889
16.988889
3.794444
16.705556
26.888889
5.444444
4.405556
9.377778
29.016667
1.722222
7.761111
8.416667
32.511111
1.561111
8.311111
25.844444
125.377778
14.777778
7.333333
49.611111
63.888889
30.761111
6.816667
38.683333
61.077778
30.833333
5.872222
11.455556
53.538889
14.611111
2.438889
11.027778
34.338889
5.955556
4.011111
8.911111
47.611111
3.038889
11.550000
10.994444
65.916667
2.438889
17.505556
44.188889
74.094444
19.877778
4.550000
74.583333
30.805556
34.472222
3.727778
30.638889
17.422222
17.811111
1.294444
5.838889
15.027778
3.394444
1.372222
28.844444
33.672222
4.844444
8.450000
29.455556
59.416667
5.266667
14.727778
16.283333
83.788889
4.172222
19.244444
56.427778
31.361111
22.394444
1.616667
66.272222
10.372222
25.538889
0.983333
19.133333
4.105556
6.922222
0.261111
7.850000
11.166667
2.411111
1.961111
63.533333
20.366667
6.005556
11.394444
68.066667
21.572222
5.305556
11.733333
18.272222
26.805556
1.933333
6.844444
39.622222
30.788889
13.522222
1.677778
37.627778
12.333333
12.727778
1.544444
20.633333
25.200000
17.044444
0.855556
13.566667
68.372222
19.088889
5.216667
53.155556
58.677778
13.472222
16.338889
62.800000
34.966667
6.916667
21.005556
21.005556
40.055556
1.688889
16.672222
15.111111
13.316667
3.261111
0.855556
27.372222
6.816667
6.194444
2.905556
62.005556
20.405556
20.688889
8.611111
45.000000
56.883333
25.066667
9.583333
56.283333
51.700000
17.372222
14.100000
52.172222
46.455556
11.766667
22.416667
37.900000
82.961111
4.122222
38.127778
6.516667
4.633333
0.811111
0.816667
20.611111
5.433333
1.611111
7.244444
68.400000
34.788889
5.305556
42.072222
