3.950000
24.683333
0.672222
1.494444
13.033333
34.766667
2.083333
3.116667
75.672222
50.383333
7.727778
8.527778
105.172222
52.372222
12.200000
12.266667
45.750000
33.438889
7.261111
5.927778
11.316667
14.200000
2.500000
1.683333
2.983333
5.344444
0.711111
0.327778
12.816667
93.911111
5.444444
4.338889
9.300000
100.566667
6.483333
6.183333
36.777778
72.877778
12.488889
8.711111
46.616667
59.094444
15.383333
10.572222
22.116667
74.044444
9.661111
9.333333
9.166667
43.877778
3.427778
4.861111
4.427778
15.961111
0.877778
1.644444
9.916667
78.422222
4.433333
3.205556
14.905556
63.211111
5.233333
3.938889
64.472222
42.005556
10.794444
6.705556
61.400000
40.827778
14.800000
5.105556
14.833333
51.988889
7.388889
4.066667
6.188889
34.166667
2.511111
3.322222
9.350000
19.588889
1.611111
3.261111
12.988889
108.716667
3.827778
5.833333
17.850000
79.155556
8.127778
5.222222
57.744444
42.411111
15.905556
5.794444
47.561111
60.100000
13.500000
7.972222
11.105556
75.911111
9.105556
3.544444
6.494444
47.572222
4.933333
2.222222
27.172222
31.750000
3.372222
5.205556
15.188889
109.100000
4.122222
6.077778
28.722222
85.222222
7.088889
7.388889
60.300000
44.011111
12.294444
8.950000
38.788889
55.644444
13.450000
5.283333
6.305556
64.561111
7.222222
2.466667
6.944444
39.538889
5.500000
1.338889
62.255556
39.522222
13.972222
6.027778
7.388889
13.261111
0.516667
0.855556
39.672222
15.188889
1.611111
3.627778
83.622222
16.761111
3.100000
12.016667
55.416667
13.961111
2.633333
11.022222
6.811111
11.400000
4.627778
2.038889
9.655556
18.588889
16.827778
0.127778
77.277778
51.033333
42.005556
3.161111
4.966667
2.883333
0.055556
0.427778
27.261111
15.116667
0.288889
5.911111
57.538889
53.544444
0.700000
30.105556
