7.422222
5.550000
0.555556
0.783333
17.777778
4.511111
6.688889
0.566667
65.327778
37.372222
35.788889
8.522222
77.955556
74.766667
30.766667
41.711111
58.083333
48.377778
7.172222
42.966667
17.200000
28.427778
2.061111
12.311111
8.200000
15.116667
0.716667
8.766667
38.527778
25.288889
1.894444
10.066667
33.688889
4.016667
9.894444
1.233333
65.477778
21.216667
31.544444
4.694444
51.416667
48.083333
32.661111
13.383333
53.400000
52.383333
17.300000
21.205556
24.883333
76.300000
7.538889
26.033333
34.550000
54.500000
2.783333
44.533333
110.744444
43.838889
7.500000
32.216667
48.744444
13.511111
26.200000
5.388889
55.827778
33.538889
48.083333
6.027778
38.644444
48.116667
34.666667
8.172222
80.700000
31.955556
13.077778
14.788889
51.088889
37.211111
7.511111
17.055556
120.338889
46.283333
8.561111
64.261111
140.900000
29.638889
14.533333
31.794444
58.972222
26.261111
42.788889
12.033333
61.355556
22.083333
29.194444
19.122222
48.722222
14.016667
9.333333
13.472222
104.800000
7.300000
6.822222
8.200000
68.972222
9.366667
9.355556
4.883333
162.466667
19.383333
39.522222
16.561111
109.555556
24.044444
14.227778
19.016667
58.388889
17.372222
25.700000
11.761111
38.950000
21.372222
9.027778
32.294444
42.733333
40.533333
7.644444
35.811111
80.600000
33.005556
16.438889
13.277778
47.872222
48.288889
30.088889
5.938889
74.677778
51.577778
77.544444
0.766667
51.605556
22.650000
6.550000
9.950000
28.511111
10.850000
7.200000
5.894444
11.911111
10.438889
3.772222
12.711111
39.622222
34.661111
15.011111
23.472222
61.661111
42.177778
27.877778
12.527778
23.405556
59.566667
30.527778
3.688889
10.144444
34.766667
32.272222
0.138889
9.788889
8.733333
1.433333
2.511111
7.188889
10.138889
4.144444
1.416667
16.916667
24.088889
21.000000
2.061111
