15.150000
9.877778
0.216667
3.822222
23.833333
9.361111
0.600000
7.072222
30.177778
6.827778
1.222222
8.427778
89.705556
20.216667
7.755556
25.755556
83.866667
24.000000
13.677778
20.355556
22.833333
27.100000
9.627778
3.738889
23.583333
32.211111
4.250000
7.800000
29.394444
15.083333
0.433333
11.433333
48.994444
12.883333
1.394444
19.672222
32.305556
9.733333
4.700000
9.616667
43.544444
21.361111
15.938889
10.600000
47.638889
47.377778
25.922222
10.783333
12.950000
73.644444
17.355556
5.427778
49.183333
72.661111
8.805556
26.916667
27.800000
16.538889
3.572222
11.922222
61.561111
21.405556
5.988889
25.933333
41.355556
40.161111
22.727778
14.288889
23.350000
63.211111
43.922222
4.116667
23.100000
70.455556
33.633333
4.633333
10.055556
75.733333
18.250000
5.538889
111.050000
70.855556
28.244444
34.750000
19.061111
68.377778
27.166667
5.572222
39.800000
52.250000
24.966667
16.016667
47.777778
46.205556
29.444444
18.527778
24.305556
41.983333
29.405556
6.472222
15.977778
30.683333
13.827778
3.033333
10.816667
34.533333
23.077778
1.938889
99.950000
41.550000
68.061111
8.083333
16.266667
106.255556
43.722222
3.644444
18.716667
48.305556
24.950000
13.038889
61.227778
20.905556
7.344444
43.622222
39.672222
10.183333
3.811111
25.066667
10.322222
27.227778
8.022222
4.383333
8.644444
56.400000
30.083333
1.950000
22.922222
45.705556
52.450000
0.344444
7.972222
32.188889
15.355556
1.694444
7.272222
7.138889
5.422222
5.055556
45.233333
6.172222
1.572222
36.244444
57.344444
9.105556
2.294444
52.422222
13.866667
15.288889
3.622222
15.988889
2.288889
20.072222
7.027778
2.222222
0.794444
10.561111
5.777778
0.211111
4.044444
3.750000
2.861111
0.233333
1.794444
0.138889
0.477778
0.711111
26.388889
3.083333
0.566667
16.583333
