161.977778
122.933333
2.711111
12.055556
75.166667
47.350000
1.516667
8.722222
33.166667
14.750000
0.872222
3.577778
11.572222
3.116667
0.344444
1.211111
0.811111
0.227778
0.016667
0.122222
0.000000
0.000000
0.000000
0.000000
0.000000
0.000000
0.000000
0.000000
115.183333
19.422222
2.938889
2.522222
62.194444
7.977778
1.844444
1.783333
32.311111
3.161111
0.844444
0.816667
10.900000
0.344444
0.250000
0.327778
0.994444
0.038889
0.022222
0.011111
0.000000
0.000000
0.000000
0.000000
0.133333
0.077778
0.022222
0.000000
117.550000
16.738889
2.688889
2.000000
61.766667
7.066667
1.877778
1.511111
31.238889
2.788889
0.850000
0.600000
10.511111
0.505556
0.477778
0.172222
0.916667
0.038889
0.022222
0.000000
0.038889
0.050000
0.044444
0.000000
0.466667
0.688889
0.422222
0.000000
112.261111
23.405556
2.483333
4.183333
61.238889
8.816667
1.394444
3.161111
31.016667
3.700000
0.672222
1.433333
10.550000
0.777778
0.372222
0.455556
0.672222
0.055556
0.111111
0.027778
0.600000
0.572222
0.583333
0.000000
5.700000
7.605556
3.188889
0.216667
97.583333
27.622222
1.361111
6.733333
59.727778
14.011111
0.605556
7.600000
34.488889
7.938889
0.361111
4.633333
12.416667
2.300000
0.305556
1.500000
2.055556
1.755556
1.072222
0.216667
3.400000
7.600000
5.033333
0.000000
21.455556
32.272222
17.000000
0.627778
67.150000
29.577778
0.216667
8.922222
51.127778
24.277778
0.088889
14.205556
36.677778
24.266667
0.233333
13.277778
17.838889
22.027778
1.800000
6.288889
8.150000
24.700000
7.411111
1.694444
10.066667
32.766667
16.211111
0.300000
35.005556
60.133333
28.472222
0.488889
35.166667
30.072222
0.011111
8.650000
40.816667
62.627778
0.044444
22.311111
34.161111
118.016667
1.094444
27.550000
