56.438889
16.350000
1.394444
9.938889
81.777778
16.488889
2.933333
12.900000
40.738889
9.944444
4.844444
4.305556
94.227778
18.916667
19.116667
6.116667
95.638889
40.683333
19.116667
10.672222
14.916667
29.150000
3.461111
9.383333
3.300000
6.333333
0.216667
5.083333
48.116667
8.205556
1.788889
10.722222
84.005556
16.488889
7.844444
16.527778
40.650000
39.077778
24.255556
7.150000
53.022222
45.911111
42.361111
6.050000
38.950000
76.761111
25.494444
14.938889
15.794444
67.727778
4.816667
38.383333
24.350000
22.066667
1.255556
35.216667
37.838889
10.172222
16.905556
6.238889
68.105556
27.083333
28.744444
13.544444
52.666667
46.222222
39.666667
10.233333
70.611111
31.938889
43.316667
5.033333
27.616667
29.422222
17.905556
5.900000
29.188889
29.800000
2.916667
30.550000
98.761111
17.355556
2.644444
51.905556
61.900000
23.783333
52.327778
2.000000
61.122222
26.755556
34.444444
13.555556
79.816667
20.872222
28.172222
15.827778
76.388889
8.688889
35.183333
3.038889
18.938889
15.322222
12.727778
1.777778
28.994444
23.688889
6.894444
9.955556
160.711111
10.472222
9.627778
23.555556
134.666667
25.383333
48.416667
4.333333
61.577778
16.305556
21.877778
12.216667
82.544444
15.200000
25.627778
14.372222
68.311111
8.377778
24.827778
6.883333
41.605556
34.488889
28.683333
4.755556
32.516667
62.772222
19.416667
17.005556
133.183333
32.283333
21.733333
24.922222
165.466667
30.344444
21.166667
20.477778
57.183333
19.294444
31.055556
6.555556
69.511111
18.283333
29.100000
9.183333
72.500000
11.438889
12.183333
13.722222
89.461111
21.261111
21.266667
14.844444
58.594444
40.327778
28.738889
16.072222
105.327778
43.600000
23.222222
35.661111
130.150000
103.788889
15.505556
51.055556
55.572222
80.655556
48.950000
9.266667
51.877778
28.616667
25.961111
5.988889
