42.794444
73.766667
1.572222
25.722222
26.233333
37.983333
1.500000
25.450000
10.677778
15.627778
2.544444
9.583333
13.827778
17.455556
16.011111
1.350000
51.455556
48.594444
44.933333
3.083333
62.583333
64.716667
36.011111
5.377778
38.500000
41.611111
11.350000
3.050000
21.688889
37.561111
1.183333
21.488889
25.555556
44.744444
3.666667
31.333333
21.227778
40.000000
16.850000
14.511111
24.833333
38.722222
48.744444
1.855556
26.866667
38.833333
49.011111
0.222222
12.227778
24.122222
18.377778
0.294444
4.272222
13.666667
4.288889
0.372222
6.644444
12.377778
3.177778
4.711111
19.527778
30.266667
16.816667
9.544444
30.866667
48.633333
44.155556
6.700000
26.261111
55.100000
47.972222
2.133333
11.638889
55.027778
24.450000
1.083333
4.516667
51.688889
10.994444
1.322222
18.177778
61.127778
9.411111
4.316667
11.316667
47.916667
21.222222
1.088889
19.350000
48.783333
37.944444
2.655556
21.883333
73.494444
39.872222
5.227778
13.427778
99.405556
32.600000
4.022222
13.166667
92.577778
27.183333
4.294444
14.988889
70.972222
25.388889
3.683333
33.205556
78.372222
27.394444
4.450000
18.488889
101.433333
31.911111
2.911111
6.755556
64.611111
28.972222
1.438889
7.338889
65.688889
23.461111
1.988889
21.488889
64.105556
31.283333
2.211111
34.572222
52.150000
43.961111
3.094444
19.550000
38.355556
30.700000
1.238889
11.994444
30.255556
15.900000
0.361111
7.227778
43.350000
9.177778
1.500000
3.288889
18.527778
7.283333
0.455556
17.366667
12.733333
7.477778
2.055556
57.000000
19.327778
23.677778
6.216667
52.005556
21.761111
26.033333
6.166667
14.172222
11.522222
9.311111
1.661111
3.144444
4.527778
2.188889
0.150000
0.527778
2.133333
0.277778
0.150000
1.988889
2.005556
0.288889
0.750000
16.294444
8.738889
1.366667
7.522222
