18.000000
114.616667
8.827778
5.544444
7.938889
161.288889
16.044444
4.316667
17.233333
186.272222
29.750000
5.266667
43.427778
156.850000
41.877778
9.666667
49.438889
92.183333
33.705556
6.894444
25.438889
36.455556
12.211111
2.661111
9.116667
11.483333
2.227778
0.661111
3.233333
30.333333
3.677778
1.122222
8.750000
32.466667
12.272222
0.611111
31.738889
44.700000
39.011111
1.372222
35.177778
48.155556
46.983333
2.127778
14.255556
35.433333
21.666667
2.044444
3.383333
17.616667
5.050000
2.016667
0.627778
5.661111
0.738889
1.305556
6.261111
16.227778
9.138889
0.205556
22.866667
34.088889
30.294444
1.105556
31.616667
66.583333
45.055556
4.777778
15.655556
104.055556
31.538889
4.550000
3.788889
115.988889
10.466667
8.900000
3.133333
91.522222
2.438889
21.016667
14.216667
53.505556
0.988889
26.200000
19.466667
64.227778
33.300000
1.094444
16.422222
53.050000
41.900000
1.250000
8.277778
65.872222
30.344444
2.805556
2.172222
77.088889
15.583333
2.444444
1.383333
76.072222
5.394444
6.094444
8.622222
73.761111
2.450000
21.455556
95.038889
74.955556
5.555556
49.183333
26.433333
75.672222
33.016667
1.588889
9.394444
38.777778
26.205556
0.233333
4.988889
52.244444
18.238889
1.027778
2.244444
73.644444
11.022222
5.088889
2.588889
66.638889
4.205556
11.100000
11.888889
46.466667
5.900000
9.822222
149.733333
44.000000
24.444444
17.133333
22.772222
28.438889
8.761111
2.216667
31.277778
19.950000
12.038889
2.755556
37.061111
46.722222
22.666667
3.472222
18.300000
79.894444
18.550000
7.733333
14.688889
86.766667
10.211111
20.477778
25.255556
66.522222
17.455556
17.355556
97.088889
55.450000
38.211111
5.627778
13.955556
11.266667
0.733333
4.566667
40.488889
31.283333
2.400000
19.116667
59.150000
94.194444
6.511111
37.644444
