89.516667
80.983333
4.700000
6.322222
34.916667
21.100000
1.977778
2.661111
7.472222
3.227778
0.327778
0.316667
13.950000
8.983333
0.494444
2.183333
54.800000
47.816667
1.211111
12.438889
68.572222
85.072222
1.027778
19.394444
93.266667
79.488889
0.388889
20.388889
131.638889
44.005556
5.305556
6.294444
50.600000
10.755556
2.350000
2.738889
7.238889
2.211111
0.533333
0.361111
2.122222
1.016667
0.066667
0.505556
20.088889
8.488889
0.022222
3.644444
53.494444
22.711111
0.233333
8.305556
119.144444
32.994444
0.572222
17.177778
132.550000
38.861111
4.327778
6.961111
51.783333
14.355556
2.516667
3.800000
7.950000
2.938889
0.866667
0.633333
0.877778
0.216667
0.055556
0.161111
11.633333
2.611111
0.100000
0.600000
52.811111
11.244444
0.633333
2.766667
147.411111
15.322222
3.538889
10.216667
76.855556
56.227778
2.955556
9.172222
30.805556
22.577778
2.711111
4.338889
4.861111
3.577778
0.666667
0.661111
0.800000
0.422222
0.227778
0.094444
10.733333
3.677778
1.272222
0.105556
52.211111
14.250000
3.816667
0.822222
145.388889
16.611111
11.611111
3.833333
17.872222
29.677778
1.133333
4.316667
7.511111
12.500000
1.455556
2.022222
1.777778
2.811111
0.955556
0.311111
2.083333
3.066667
2.488889
0.005556
18.838889
14.655556
7.950000
0.022222
48.555556
30.494444
12.516667
0.244444
110.550000
34.338889
19.822222
1.055556
1.166667
5.266667
0.222222
0.322222
0.855556
4.927778
1.066667
0.227778
1.988889
6.966667
4.261111
0.016667
8.405556
17.138889
12.844444
0.000000
30.388889
36.250000
23.327778
0.000000
34.850000
43.405556
19.900000
0.000000
60.250000
46.627778
16.366667
0.055556
5.827778
17.216667
1.627778
0.238889
8.450000
32.188889
7.083333
0.433333
17.905556
66.983333
22.705556
0.950000
