0.861111
1.433333
0.150000
0.111111
26.772222
5.433333
2.405556
1.100000
94.455556
20.255556
10.100000
4.488889
71.016667
18.988889
9.283333
3.522222
32.177778
8.238889
2.500000
5.727778
66.594444
17.633333
1.805556
27.966667
52.127778
19.394444
0.922222
32.922222
4.733333
33.066667
4.000000
0.566667
25.605556
31.450000
10.955556
1.533333
69.844444
32.194444
18.983333
5.077778
43.461111
45.550000
11.016667
10.338889
19.150000
25.144444
2.622222
12.694444
41.011111
10.094444
1.166667
30.150000
69.100000
19.500000
0.750000
57.050000
18.583333
115.522222
17.411111
3.105556
31.088889
76.716667
24.938889
5.111111
49.133333
51.205556
29.577778
6.750000
35.672222
73.522222
14.522222
17.994444
57.900000
36.827778
3.438889
26.655556
41.211111
6.983333
0.894444
21.188889
82.161111
22.211111
1.216667
61.055556
21.733333
78.466667
16.627778
3.083333
63.827778
37.188889
30.422222
4.005556
60.722222
20.427778
29.027778
2.266667
39.977778
19.355556
8.355556
7.577778
107.744444
9.344444
6.944444
14.866667
49.900000
2.872222
3.377778
7.994444
58.872222
18.911111
1.966667
34.372222
33.427778
22.877778
20.000000
0.550000
76.011111
14.766667
39.338889
0.872222
42.438889
4.494444
17.283333
0.350000
44.438889
1.127778
9.455556
0.500000
111.872222
1.488889
19.811111
1.616667
42.077778
0.988889
6.238889
1.372222
23.855556
8.700000
1.372222
9.094444
51.627778
37.327778
31.105556
1.016667
56.250000
15.344444
27.522222
2.783333
27.916667
6.866667
8.505556
3.588889
55.472222
5.683333
25.088889
1.000000
88.127778
2.650000
31.350000
0.116667
22.966667
0.961111
5.627778
0.155556
6.733333
2.794444
0.627778
1.444444
52.816667
50.416667
20.761111
2.838889
41.061111
27.783333
11.472222
9.250000
48.394444
64.183333
19.266667
21.966667
