0.883333
1.133333
0.100000
0.150000
17.088889
19.461111
1.416667
8.522222
46.400000
76.511111
6.477778
45.444444
53.300000
70.600000
12.538889
54.172222
25.455556
15.800000
6.083333
15.616667
1.916667
0.672222
0.261111
0.427778
1.244444
0.155556
0.055556
0.311111
0.838889
0.333333
0.105556
0.033333
1.294444
1.600000
0.633333
0.516667
16.122222
14.450000
12.488889
5.405556
38.694444
26.827778
28.622222
11.822222
19.872222
9.044444
10.661111
6.333333
1.316667
0.583333
0.211111
0.311111
1.338889
0.372222
0.016667
0.483333
3.338889
2.483333
0.672222
0.338889
4.233333
2.366667
1.088889
1.255556
26.488889
19.905556
9.255556
15.838889
30.666667
22.822222
13.327778
18.950000
8.272222
4.972222
3.716667
3.838889
5.338889
6.005556
0.400000
4.455556
8.338889
8.872222
0.394444
9.261111
33.066667
22.100000
7.800000
4.088889
11.850000
6.166667
3.238889
2.388889
24.561111
14.811111
2.116667
22.700000
59.916667
18.750000
3.211111
48.866667
27.061111
3.916667
0.755556
15.211111
17.544444
14.011111
0.972222
17.405556
46.166667
27.094444
1.233333
50.516667
107.344444
33.566667
20.766667
12.444444
22.094444
8.450000
6.933333
3.722222
13.972222
4.566667
1.061111
8.422222
86.844444
6.144444
3.650000
30.550000
69.150000
3.172222
2.961111
19.594444
16.950000
6.155556
0.644444
14.194444
95.322222
28.527778
2.994444
69.222222
128.177778
31.127778
21.894444
16.200000
26.238889
9.427778
6.461111
6.872222
18.372222
14.183333
3.916667
7.183333
89.505556
11.888889
14.761111
8.588889
83.561111
2.238889
9.761111
6.494444
10.933333
0.788889
0.722222
2.944444
78.200000
22.794444
3.927778
30.555556
101.338889
52.483333
15.433333
13.844444
35.527778
23.822222
4.972222
13.133333
48.533333
74.533333
12.622222
27.877778
