2.005556
24.411111
2.433333
0.483333
13.883333
32.033333
4.516667
1.555556
97.461111
45.244444
11.127778
14.300000
106.600000
46.438889
14.877778
18.861111
27.900000
32.700000
11.800000
4.800000
9.566667
12.522222
3.127778
3.161111
5.261111
5.550000
0.533333
4.677778
13.444444
132.538889
14.300000
3.261111
5.127778
112.150000
15.633333
1.555556
42.827778
79.783333
19.116667
8.805556
62.600000
51.822222
23.055556
11.177778
21.588889
42.944444
14.644444
3.488889
14.005556
19.883333
4.327778
8.216667
17.266667
21.683333
1.055556
21.416667
13.061111
108.988889
17.638889
3.233333
6.161111
94.805556
18.850000
2.583333
55.811111
68.861111
17.844444
8.850000
85.755556
22.650000
12.555556
7.916667
20.833333
11.061111
4.166667
2.150000
12.983333
15.577778
2.000000
13.005556
30.755556
46.788889
1.761111
42.272222
40.844444
45.427778
28.261111
2.244444
26.927778
73.211111
31.672222
4.055556
60.383333
60.133333
17.416667
12.900000
86.061111
11.194444
8.000000
9.277778
22.127778
0.922222
1.266667
2.172222
9.722222
9.000000
0.972222
9.272222
32.900000
46.355556
2.200000
34.688889
83.161111
43.722222
18.761111
16.777778
48.322222
51.461111
19.344444
15.005556
67.822222
35.522222
17.472222
9.694444
85.277778
6.416667
10.700000
6.416667
20.950000
0.511111
2.072222
1.488889
16.077778
4.588889
3.366667
3.888889
48.844444
25.311111
7.555556
15.288889
42.227778
39.688889
2.972222
22.344444
27.600000
67.438889
8.494444
23.144444
57.405556
51.388889
16.650000
14.633333
76.694444
10.588889
10.755556
11.172222
18.927778
4.561111
6.172222
3.072222
25.261111
9.538889
18.722222
1.644444
73.872222
21.672222
26.905556
8.650000
8.305556
15.305556
0.483333
6.594444
11.800000
34.500000
2.705556
9.916667
49.444444
47.338889
5.844444
28.972222
