7.827778
16.844444
1.233333
1.594444
35.777778
39.866667
3.950000
9.850000
80.494444
64.172222
7.422222
27.600000
55.261111
69.994444
9.222222
22.688889
19.677778
83.805556
14.611111
5.461111
18.244444
73.888889
11.555556
2.255556
15.716667
36.755556
3.516667
1.388889
15.055556
66.472222
8.566667
1.438889
12.855556
81.938889
16.466667
2.705556
23.305556
78.433333
17.300000
9.372222
34.122222
54.844444
10.811111
16.844444
32.927778
63.383333
13.788889
10.822222
17.516667
61.961111
11.427778
3.261111
16.611111
49.344444
6.794444
2.083333
16.522222
76.922222
8.733333
1.766667
5.316667
68.616667
13.166667
0.977778
10.511111
61.527778
11.583333
5.366667
41.350000
45.577778
9.133333
18.894444
44.194444
44.416667
8.872222
18.927778
20.972222
63.427778
13.994444
7.050000
28.427778
92.477778
20.105556
3.466667
6.177778
41.250000
4.844444
1.405556
3.588889
71.383333
12.905556
1.000000
4.705556
96.144444
22.544444
1.116667
18.772222
90.088889
22.716667
6.733333
28.061111
67.988889
12.511111
19.583333
29.494444
67.316667
12.188889
19.577778
30.916667
86.105556
16.222222
10.955556
6.077778
51.583333
5.494444
2.266667
3.472222
70.311111
12.494444
1.666667
1.188889
73.755556
16.150000
0.527778
2.711111
54.522222
11.050000
2.683333
14.650000
42.133333
5.922222
17.350000
26.450000
53.061111
4.411111
31.100000
31.861111
84.661111
5.161111
29.794444
14.594444
84.072222
2.655556
20.955556
5.355556
38.344444
1.783333
16.594444
1.483333
20.127778
0.977778
7.466667
0.855556
10.022222
0.922222
2.522222
4.072222
13.877778
2.077778
4.116667
8.088889
30.111111
2.488889
9.544444
15.050000
60.311111
3.922222
13.550000
16.755556
84.733333
1.644444
34.466667
10.016667
107.361111
1.494444
52.361111
5.338889
155.188889
1.461111
47.922222
