3.888889
27.572222
1.866667
0.627778
25.622222
25.533333
6.750000
1.727778
111.516667
39.877778
21.327778
8.633333
89.622222
51.794444
23.500000
8.638889
24.572222
37.700000
12.850000
2.944444
7.394444
14.244444
3.394444
1.300000
1.500000
4.388889
0.877778
0.566667
13.105556
115.727778
7.538889
4.016667
20.644444
79.094444
14.338889
3.822222
55.172222
48.777778
27.638889
6.222222
35.272222
66.116667
26.511111
4.588889
11.377778
57.094444
17.233333
2.105556
6.061111
25.994444
7.405556
1.750000
4.122222
15.638889
2.988889
1.461111
15.438889
100.938889
7.677778
4.222222
42.672222
62.322222
14.872222
4.200000
75.105556
30.677778
24.416667
4.288889
26.738889
33.216667
17.411111
1.255556
6.333333
52.022222
15.738889
1.272222
3.633333
62.988889
15.022222
2.244444
10.433333
53.994444
7.722222
4.850000
14.766667
18.361111
3.177778
0.705556
67.683333
15.683333
15.333333
1.211111
88.672222
7.122222
19.705556
1.144444
26.616667
17.983333
9.894444
1.105556
8.961111
65.950000
18.244444
3.444444
3.611111
88.566667
15.577778
5.155556
11.583333
69.211111
7.361111
7.255556
30.705556
11.172222
5.977778
0.088889
78.355556
12.827778
18.122222
0.538889
71.744444
5.294444
14.933333
0.727778
15.322222
11.927778
5.038889
1.788889
6.777778
31.050000
6.350000
5.288889
2.700000
34.755556
4.183333
5.394444
4.055556
33.677778
3.222222
3.655556
54.816667
22.483333
10.133333
0.322222
77.333333
11.633333
14.255556
1.144444
54.433333
3.894444
7.683333
1.777778
14.877778
8.688889
2.161111
5.683333
16.277778
35.255556
2.166667
21.788889
7.100000
51.916667
2.683333
20.055556
10.372222
69.838889
7.694444
10.138889
92.955556
71.072222
11.216667
3.800000
89.588889
34.922222
10.411111
3.655556
57.000000
13.883333
5.416667
3.711111
