5.711111
45.305556
3.222222
1.450000
8.333333
71.388889
5.850000
2.861111
39.155556
94.450000
10.472222
8.722222
85.605556
90.188889
13.455556
17.772222
61.227778
86.055556
9.922222
15.116667
19.666667
60.677778
5.722222
6.177778
6.111111
25.066667
1.850000
2.427778
9.250000
86.266667
7.194444
2.544444
3.483333
97.127778
9.950000
2.683333
14.894444
93.505556
10.450000
6.405556
53.072222
55.744444
10.411111
13.527778
50.805556
62.511111
12.077778
10.327778
16.388889
72.200000
8.627778
5.338889
8.994444
44.150000
5.316667
3.138889
7.338889
69.888889
4.811111
2.005556
2.855556
88.688889
8.983333
2.483333
13.033333
98.011111
12.205556
3.683333
54.727778
61.877778
12.705556
10.388889
53.911111
60.811111
12.733333
10.966667
17.705556
86.005556
13.866667
3.433333
10.677778
66.172222
9.866667
2.238889
7.183333
72.622222
6.288889
2.094444
2.483333
94.222222
9.927778
2.288889
7.222222
97.044444
10.616667
3.105556
49.022222
59.150000
8.916667
10.544444
70.505556
42.072222
9.955556
10.377778
26.055556
50.083333
7.622222
3.250000
5.716667
33.244444
4.688889
0.805556
14.183333
52.894444
14.272222
1.116667
3.027778
79.361111
13.055556
1.555556
5.866667
95.933333
7.805556
5.261111
42.227778
63.616667
8.761111
9.461111
66.461111
36.350000
6.350000
14.961111
29.061111
41.394444
2.055556
12.733333
5.977778
34.377778
0.722222
9.266667
67.338889
67.950000
22.216667
10.661111
23.200000
80.844444
20.350000
8.261111
11.216667
97.061111
9.844444
7.455556
38.633333
69.788889
9.533333
11.822222
48.772222
46.888889
10.877778
13.116667
22.266667
76.444444
4.350000
24.150000
21.933333
101.022222
2.088889
36.155556
71.238889
79.666667
5.166667
38.583333
34.638889
132.827778
6.294444
49.027778
18.572222
182.638889
17.616667
27.694444
