64.600000
45.361111
2.422222
3.072222
15.700000
5.916667
0.505556
0.966667
0.822222
0.055556
0.011111
0.000000
5.755556
1.150000
0.155556
0.872222
60.027778
14.800000
1.038889
14.755556
101.077778
34.200000
1.122222
32.644444
67.450000
32.405556
0.377778
20.033333
108.783333
44.105556
2.983333
6.572222
23.794444
4.538889
0.511111
1.588889
1.111111
0.066667
0.016667
0.072222
0.877778
0.166667
0.000000
0.322222
15.850000
1.994444
0.111111
7.833333
52.655556
11.905556
0.183333
25.888889
94.594444
31.227778
0.016667
28.561111
151.522222
35.844444
1.944444
10.222222
37.472222
5.566667
0.372222
3.744444
1.972222
0.222222
0.005556
0.455556
0.188889
0.027778
0.000000
0.016667
5.188889
0.672222
0.005556
2.244444
36.805556
8.194444
0.083333
11.883333
136.272222
30.900000
0.316667
26.344444
147.555556
29.561111
0.644444
14.361111
50.966667
6.777778
0.088889
8.000000
6.088889
0.461111
0.072222
1.211111
1.227778
0.183333
0.216667
0.016667
2.044444
0.383333
0.133333
0.394444
22.750000
5.066667
0.177778
3.994444
145.466667
27.588889
1.783333
16.383333
117.216667
25.016667
0.111111
15.855556
65.005556
8.355556
0.277778
15.294444
15.705556
1.572222
1.266667
4.022222
5.622222
0.866667
1.961111
0.138889
2.261111
0.311111
0.483333
0.033333
14.261111
3.383333
0.350000
1.216667
116.766667
24.027778
4.155556
7.605556
75.972222
19.361111
0.088889
14.177778
70.188889
15.461111
0.961111
25.488889
34.255556
10.066667
4.911111
11.144444
12.705556
2.422222
4.050000
0.622222
2.122222
0.400000
0.677778
0.011111
10.322222
2.944444
0.644444
0.366667
78.444444
20.572222
4.244444
3.138889
45.827778
19.022222
0.216667
13.166667
81.177778
46.311111
4.077778
36.433333
75.755556
44.705556
10.844444
24.261111
