4.838889
1.433333
0.038889
0.300000
49.233333
11.722222
1.616667
3.883333
55.761111
13.044444
2.966667
4.683333
30.977778
5.700000
1.833333
2.122222
135.683333
21.661111
4.772222
13.238889
97.516667
28.422222
8.050000
11.522222
31.361111
37.861111
10.561111
2.238889
8.272222
6.294444
0.861111
0.538889
71.033333
10.855556
4.061111
6.394444
76.183333
16.533333
6.783333
7.444444
21.355556
29.005556
10.411111
1.994444
75.038889
27.172222
17.522222
6.055556
57.861111
46.750000
20.816667
7.727778
31.400000
74.550000
20.250000
4.055556
14.122222
76.916667
10.844444
2.850000
53.933333
44.116667
17.622222
6.983333
54.016667
56.494444
22.211111
9.966667
17.527778
93.288889
28.550000
3.411111
57.016667
53.816667
23.905556
8.194444
50.050000
41.688889
21.388889
4.461111
17.155556
57.816667
12.694444
1.766667
21.300000
140.855556
22.666667
6.211111
48.627778
62.755556
20.277778
10.161111
65.511111
39.766667
21.694444
7.494444
24.688889
44.788889
13.961111
2.627778
89.377778
24.777778
11.827778
7.005556
65.600000
11.211111
8.222222
2.933333
4.738889
8.100000
1.361111
0.044444
11.883333
46.622222
9.422222
3.038889
76.105556
15.255556
6.272222
10.088889
99.788889
4.311111
3.827778
12.861111
24.944444
3.650000
1.905556
3.266667
46.972222
14.488889
6.816667
3.955556
31.694444
8.744444
3.833333
1.961111
2.422222
2.161111
0.955556
0.227778
4.277778
2.700000
0.511111
0.411111
55.155556
2.750000
0.961111
13.688889
88.283333
8.588889
1.550000
32.766667
19.677778
13.622222
0.833333
15.788889
5.227778
14.877778
1.938889
3.322222
3.394444
14.916667
3.311111
0.977778
7.333333
25.433333
8.288889
1.500000
1.172222
0.416667
0.000000
0.244444
23.077778
4.972222
0.238889
12.066667
49.711111
48.677778
0.772222
55.583333
