7.583333
4.666667
0.655556
1.005556
71.200000
17.794444
2.877778
8.705556
146.755556
25.116667
6.055556
18.438889
54.638889
9.400000
6.300000
6.583333
5.177778
20.666667
10.883333
2.072222
6.111111
29.027778
6.377778
7.616667
8.016667
11.700000
0.800000
7.272222
14.305556
48.766667
12.955556
2.938889
41.294444
39.961111
14.494444
5.850000
100.188889
16.311111
13.183333
9.094444
50.472222
24.194444
32.016667
4.405556
10.216667
63.922222
41.527778
4.411111
20.155556
67.872222
12.961111
25.711111
41.716667
26.677778
2.000000
30.505556
37.961111
95.277778
30.700000
7.005556
53.166667
47.911111
25.338889
8.961111
77.683333
22.422222
29.211111
8.516667
46.466667
31.438889
57.150000
4.122222
9.416667
37.950000
33.577778
2.544444
37.261111
29.761111
7.383333
20.761111
114.866667
16.583333
4.216667
36.033333
53.872222
39.472222
24.338889
4.705556
62.644444
22.444444
31.211111
6.133333
66.822222
17.444444
33.188889
6.533333
46.461111
11.172222
28.950000
2.261111
8.044444
21.650000
13.277778
2.438889
37.772222
24.588889
7.494444
9.055556
151.088889
13.750000
11.972222
16.600000
71.533333
16.005556
30.522222
1.805556
54.422222
18.572222
32.388889
4.205556
87.883333
11.550000
16.244444
6.588889
73.222222
5.611111
12.972222
3.083333
39.055556
41.716667
25.255556
6.194444
37.927778
61.022222
17.111111
18.227778
122.372222
32.838889
19.755556
23.411111
91.377778
26.238889
35.527778
1.322222
60.605556
12.533333
22.988889
2.905556
108.655556
4.866667
5.844444
5.800000
95.727778
2.566667
7.227778
8.144444
82.933333
28.377778
20.694444
17.738889
56.572222
46.066667
27.800000
17.505556
96.155556
44.955556
22.161111
38.350000
88.333333
53.433333
24.238889
5.450000
67.461111
17.144444
11.861111
5.866667
136.105556
23.327778
6.961111
11.716667
