4.694444
5.583333
2.872222
0.072222
15.061111
25.238889
15.533333
0.155556
34.400000
72.150000
32.433333
1.416667
54.200000
116.850000
29.883333
5.677778
55.450000
133.311111
12.655556
23.450000
46.416667
76.755556
0.905556
43.677778
25.222222
25.644444
0.088889
20.433333
23.688889
19.611111
19.138889
0.027778
26.805556
38.372222
45.433333
0.122222
33.777778
43.244444
39.850000
2.405556
79.633333
27.138889
20.883333
6.100000
50.544444
24.177778
10.450000
10.005556
34.572222
27.383333
0.966667
41.322222
75.155556
37.683333
0.211111
45.505556
80.077778
36.394444
38.733333
0.361111
35.205556
27.827778
39.788889
0.177778
42.394444
14.116667
20.594444
1.105556
101.905556
6.844444
23.911111
1.872222
43.394444
2.744444
9.766667
1.416667
25.066667
6.494444
0.516667
13.355556
145.383333
27.433333
0.850000
39.333333
143.127778
38.455556
29.366667
5.405556
32.194444
13.200000
14.038889
1.400000
54.616667
9.100000
22.827778
0.388889
89.727778
5.727778
30.238889
0.472222
22.583333
0.911111
6.288889
0.183333
17.200000
2.272222
0.983333
1.844444
185.616667
12.250000
7.605556
14.227778
142.738889
44.672222
9.744444
23.700000
28.916667
32.027778
15.027778
7.727778
56.222222
21.083333
39.311111
0.372222
56.661111
5.633333
25.133333
0.105556
8.405556
0.344444
2.600000
0.005556
21.416667
3.961111
6.322222
0.244444
169.316667
19.116667
26.038889
2.650000
81.305556
51.516667
2.755556
29.088889
23.572222
57.494444
18.494444
12.038889
36.194444
27.850000
32.216667
0.672222
25.916667
3.950000
12.377778
0.044444
5.783333
1.033333
4.461111
0.000000
35.344444
7.622222
23.355556
0.088889
119.272222
30.366667
38.650000
0.522222
34.722222
41.205556
1.388889
16.138889
17.988889
55.266667
10.350000
9.183333
21.666667
28.361111
14.827778
1.088889
