44.122222
130.283333
10.172222
5.066667
29.633333
100.422222
16.500000
4.222222
75.883333
66.888889
24.122222
6.816667
63.733333
19.627778
13.588889
3.505556
44.038889
10.094444
3.150000
4.105556
64.327778
25.350000
3.766667
12.988889
27.950000
17.350000
1.122222
10.811111
27.794444
95.111111
15.144444
5.105556
42.594444
52.705556
22.277778
4.255556
75.300000
17.816667
27.705556
4.244444
31.255556
1.488889
11.733333
0.633333
44.166667
3.455556
4.950000
3.038889
74.488889
18.655556
7.477778
17.855556
40.927778
33.366667
2.838889
30.566667
20.750000
40.333333
10.272222
1.688889
67.911111
18.422222
23.061111
1.172222
79.838889
5.677778
26.633333
0.972222
18.633333
0.555556
6.716667
0.094444
57.494444
2.605556
12.488889
1.433333
88.083333
16.288889
18.105556
16.677778
51.877778
48.188889
4.805556
47.872222
31.133333
11.405556
5.550000
0.233333
90.300000
7.850000
20.161111
0.255556
67.205556
2.455556
15.888889
0.172222
15.494444
1.005556
6.533333
0.000000
72.527778
3.183333
27.405556
0.416667
80.538889
8.844444
23.838889
7.933333
43.327778
36.827778
3.800000
37.555556
48.366667
7.122222
4.966667
0.777778
102.872222
5.188889
12.094444
2.088889
57.027778
1.466667
8.416667
1.177778
24.927778
2.005556
18.822222
0.011111
77.833333
3.333333
43.905556
0.138889
47.227778
2.716667
20.038889
2.138889
21.527778
18.194444
2.022222
13.811111
52.172222
5.966667
1.983333
3.388889
97.672222
6.983333
4.294444
12.161111
56.938889
6.822222
12.172222
8.877778
39.422222
6.438889
43.261111
0.655556
58.377778
3.377778
48.655556
0.033333
16.805556
0.716667
9.777778
0.555556
7.022222
4.866667
0.927778
1.838889
38.833333
16.772222
0.405556
8.622222
74.611111
51.255556
5.000000
34.822222
60.327778
105.111111
31.294444
36.933333
