1.511111
3.977778
0.283333
0.361111
25.938889
11.500000
0.972222
3.300000
122.744444
30.227778
5.072222
15.144444
116.411111
18.516667
5.255556
13.294444
16.627778
6.738889
3.672222
1.616667
2.927778
13.955556
2.894444
2.277778
3.194444
8.683333
0.300000
3.611111
6.844444
35.433333
6.977778
1.300000
15.061111
37.716667
9.183333
2.394444
80.972222
23.255556
9.600000
6.150000
89.127778
9.577778
12.577778
6.205556
19.338889
30.938889
28.983333
1.350000
5.844444
65.355556
19.233333
13.722222
20.761111
40.938889
1.572222
34.816667
28.105556
100.583333
23.794444
4.661111
30.105556
66.661111
20.927778
6.516667
67.733333
31.688889
16.033333
7.666667
71.483333
24.000000
37.861111
7.500000
22.700000
48.594444
59.750000
1.811111
6.366667
61.677778
19.161111
15.027778
92.927778
46.288889
3.722222
67.394444
38.955556
60.427778
19.722222
4.083333
53.144444
35.800000
23.622222
5.788889
54.872222
28.205556
24.094444
6.938889
59.016667
21.466667
41.694444
5.477778
18.166667
16.000000
26.716667
0.950000
3.555556
11.216667
4.727778
3.544444
173.683333
14.527778
13.161111
33.416667
49.388889
23.350000
21.788889
1.650000
46.583333
28.438889
30.066667
2.988889
56.805556
28.883333
24.188889
6.611111
77.761111
7.972222
13.700000
4.944444
17.705556
1.283333
3.744444
0.633333
8.116667
1.144444
6.877778
0.138889
163.788889
8.516667
49.161111
4.744444
65.111111
39.538889
30.238889
2.333333
41.733333
27.400000
28.627778
1.783333
78.811111
15.816667
12.783333
6.077778
94.855556
2.744444
3.850000
5.305556
21.066667
1.111111
2.261111
0.994444
24.133333
6.661111
27.961111
0.266667
96.055556
16.000000
74.327778
0.505556
56.850000
59.150000
19.388889
5.622222
35.477778
21.833333
12.333333
3.144444
97.205556
24.466667
7.177778
10.550000
