9.550000
4.011111
3.455556
0.061111
55.688889
27.466667
18.822222
1.022222
99.661111
70.933333
21.061111
15.155556
74.572222
43.711111
3.550000
24.666667
17.900000
4.688889
0.127778
6.361111
0.350000
0.072222
0.000000
0.088889
0.000000
0.000000
0.000000
0.000000
23.177778
11.366667
13.566667
0.111111
58.494444
18.766667
34.600000
0.427778
51.777778
34.183333
23.077778
11.727778
63.905556
25.561111
2.811111
37.688889
39.172222
6.272222
0.372222
21.094444
3.366667
0.388889
0.005556
1.472222
0.000000
0.000000
0.000000
0.000000
49.883333
28.338889
32.233333
0.533333
57.016667
12.805556
39.750000
0.027778
28.522222
8.205556
13.850000
4.344444
49.638889
11.355556
1.133333
35.416667
62.838889
9.472222
0.572222
46.305556
15.544444
2.700000
0.077778
10.366667
0.305556
0.072222
0.000000
0.211111
71.877778
45.150000
37.255556
1.027778
37.927778
6.488889
24.216667
0.000000
8.300000
0.772222
3.816667
0.422222
18.044444
2.955556
0.200000
14.455556
61.155556
9.738889
0.833333
52.961111
41.527778
8.494444
0.372222
33.861111
5.427778
2.000000
0.022222
3.538889
72.561111
41.161111
21.472222
0.972222
20.027778
3.100000
9.383333
0.000000
1.788889
0.072222
0.605556
0.022222
2.938889
0.572222
0.022222
2.333333
36.455556
5.977778
0.361111
29.350000
60.844444
15.027778
0.522222
51.094444
27.561111
12.788889
0.055556
18.572222
50.427778
26.005556
7.905556
1.050000
9.061111
1.533333
2.505556
0.000000
0.205556
0.000000
0.072222
0.000000
0.127778
0.000000
0.000000
0.038889
11.561111
1.838889
0.055556
7.900000
53.188889
13.122222
0.127778
38.261111
72.022222
35.366667
0.111111
44.377778
26.733333
19.705556
2.216667
0.500000
3.838889
1.044444
0.694444
0.000000
0.000000
0.000000
0.000000
0.000000
