21407.000000
17108.000000
10023.000000
7808.000000
6510.000000
5446.000000
4660.000000
4016.000000
3155.000000
2744.000000
2374.000000
2020.000000
1559.000000
1401.000000
1244.000000
1238.000000
1085.000000
997.000000
831.000000
760.000000
700.000000
698.000000
661.000000
606.000000
597.000000
548.000000
519.000000
461.000000
434.000000
427.000000
370.000000
357.000000
327.000000
319.000000
312.000000
298.000000
278.000000
261.000000
252.000000
239.000000
222.000000
201.000000
190.000000
182.000000
175.000000
173.000000
167.000000
154.000000
140.000000
135.000000
123.000000
121.000000
115.000000
114.000000
110.000000
100.000000
99.000000
96.000000
88.000000
86.000000
82.000000
80.000000
77.000000
75.000000
71.000000
67.000000
65.000000
62.000000
61.000000
57.000000
56.000000
54.000000
50.000000
49.000000
48.000000
44.000000
42.000000
41.000000
40.000000
37.000000
34.000000
33.000000
31.000000
31.000000
29.000000
29.000000
28.000000
27.000000
26.000000
25.000000
25.000000
23.000000
21.000000
21.000000
20.000000
19.000000
18.000000
18.000000
17.000000
16.000000
15.000000
14.000000
14.000000
14.000000
13.000000
12.000000
11.000000
11.000000
10.000000
10.000000
10.000000
9.000000
9.000000
8.000000
8.000000
8.000000
7.000000
7.000000
6.000000
6.000000
6.000000
6.000000
5.000000
4.000000
4.000000
4.000000
4.000000
4.000000
4.000000
3.000000
3.000000
3.000000
3.000000
2.000000
2.000000
2.000000
2.000000
2.000000
2.000000
2.000000
1.000000
1.000000
1.000000
1.000000
1.000000
1.000000
1.000000
1.000000
1.000000
0.000000
0.000000
0.000000
0.000000
0.000000
0.000000
0.000000
0.000000
0.000000
0.000000
0.000000
0.000000
0.000000
0.000000
0.000000
0.000000
0.000000
0.000000
0.000000
0.000000
0.000000
0.000000
0.000000
0.000000
0.000000
0.000000
0.000000
0.000000
0.000000
0.000000
0.000000
0.000000
0.000000
0.000000
0.000000
0.000000
0.000000
0.000000
0.000000
0.000000
0.000000
0.000000
0.000000
0.000000
0.000000
0.000000
0.000000
