13093.000000
10173.000000
8793.000000
7741.000000
5820.000000
4690.000000
4434.000000
3727.000000
2396.000000
2251.000000
2073.000000
1629.000000
1506.000000
1474.000000
1184.000000
1144.000000
915.000000
840.000000
799.000000
719.000000
674.000000
630.000000
554.000000
500.000000
477.000000
440.000000
395.000000
380.000000
349.000000
332.000000
317.000000
302.000000
282.000000
275.000000
263.000000
237.000000
226.000000
215.000000
208.000000
200.000000
191.000000
176.000000
165.000000
162.000000
158.000000
155.000000
143.000000
136.000000
132.000000
124.000000
120.000000
115.000000
111.000000
106.000000
103.000000
100.000000
95.000000
94.000000
83.000000
82.000000
78.000000
72.000000
70.000000
67.000000
65.000000
63.000000
59.000000
57.000000
55.000000
54.000000
52.000000
49.000000
47.000000
45.000000
42.000000
41.000000
40.000000
38.000000
36.000000
35.000000
34.000000
32.000000
29.000000
29.000000
28.000000
27.000000
26.000000
26.000000
24.000000
23.000000
22.000000
21.000000
21.000000
20.000000
19.000000
18.000000
17.000000
17.000000
16.000000
15.000000
15.000000
15.000000
14.000000
14.000000
13.000000
12.000000
11.000000
10.000000
10.000000
10.000000
9.000000
9.000000
8.000000
8.000000
8.000000
7.000000
7.000000
7.000000
7.000000
6.000000
6.000000
5.000000
5.000000
5.000000
5.000000
4.000000
4.000000
4.000000
4.000000
3.000000
3.000000
3.000000
3.000000
3.000000
2.000000
2.000000
2.000000
2.000000
2.000000
2.000000
2.000000
2.000000
1.000000
1.000000
1.000000
1.000000
1.000000
1.000000
1.000000
1.000000
1.000000
1.000000
1.000000
0.000000
0.000000
0.000000
0.000000
0.000000
0.000000
0.000000
0.000000
0.000000
0.000000
0.000000
0.000000
0.000000
0.000000
0.000000
0.000000
0.000000
0.000000
0.000000
0.000000
0.000000
0.000000
0.000000
0.000000
0.000000
0.000000
0.000000
0.000000
0.000000
0.000000
0.000000
0.000000
0.000000
0.000000
0.000000
0.000000
0.000000
0.000000
0.000000
0.000000
0.000000
0.000000
0.000000
