21805.000000
16017.000000
12584.000000
6534.000000
5674.000000
4584.000000
3527.000000
3002.000000
2190.000000
1838.000000
1682.000000
1561.000000
1427.000000
1341.000000
1319.000000
1045.000000
975.000000
844.000000
734.000000
703.000000
635.000000
562.000000
528.000000
492.000000
448.000000
435.000000
423.000000
388.000000
352.000000
343.000000
330.000000
315.000000
282.000000
272.000000
263.000000
242.000000
237.000000
224.000000
215.000000
193.000000
181.000000
179.000000
160.000000
159.000000
149.000000
141.000000
135.000000
129.000000
125.000000
116.000000
112.000000
107.000000
105.000000
103.000000
91.000000
87.000000
82.000000
80.000000
79.000000
74.000000
69.000000
64.000000
63.000000
61.000000
60.000000
57.000000
52.000000
52.000000
51.000000
46.000000
44.000000
43.000000
41.000000
39.000000
37.000000
37.000000
35.000000
33.000000
32.000000
31.000000
30.000000
28.000000
27.000000
26.000000
26.000000
24.000000
23.000000
22.000000
21.000000
20.000000
18.000000
18.000000
18.000000
17.000000
15.000000
15.000000
15.000000
14.000000
13.000000
13.000000
12.000000
11.000000
11.000000
11.000000
10.000000
9.000000
9.000000
9.000000
8.000000
8.000000
7.000000
7.000000
7.000000
6.000000
6.000000
6.000000
5.000000
5.000000
5.000000
4.000000
4.000000
4.000000
4.000000
3.000000
3.000000
3.000000
3.000000
3.000000
2.000000
2.000000
2.000000
2.000000
2.000000
2.000000
2.000000
2.000000
2.000000
1.000000
1.000000
1.000000
1.000000
1.000000
1.000000
1.000000
1.000000
0.000000
0.000000
0.000000
0.000000
0.000000
0.000000
0.000000
0.000000
0.000000
0.000000
0.000000
0.000000
0.000000
0.000000
0.000000
0.000000
0.000000
0.000000
0.000000
0.000000
0.000000
0.000000
0.000000
0.000000
0.000000
0.000000
0.000000
0.000000
0.000000
0.000000
0.000000
0.000000
0.000000
0.000000
0.000000
0.000000
0.000000
0.000000
0.000000
0.000000
0.000000
0.000000
0.000000
0.000000
0.000000
0.000000
0.000000
0.000000
0.000000
0.000000
0.000000
