16271.000000
12038.000000
11854.000000
8260.000000
6160.000000
5048.000000
4481.000000
3682.000000
3559.000000
3143.000000
2805.000000
2416.000000
2036.000000
1931.000000
1660.000000
1609.000000
1455.000000
1386.000000
1158.000000
1122.000000
1104.000000
946.000000
922.000000
871.000000
767.000000
694.000000
655.000000
632.000000
591.000000
572.000000
516.000000
502.000000
464.000000
439.000000
428.000000
398.000000
395.000000
377.000000
363.000000
341.000000
324.000000
317.000000
306.000000
286.000000
266.000000
255.000000
249.000000
235.000000
226.000000
216.000000
212.000000
207.000000
197.000000
190.000000
176.000000
173.000000
164.000000
161.000000
146.000000
139.000000
132.000000
126.000000
119.000000
116.000000
109.000000
107.000000
104.000000
94.000000
94.000000
89.000000
86.000000
83.000000
81.000000
75.000000
75.000000
70.000000
66.000000
65.000000
64.000000
58.000000
58.000000
55.000000
51.000000
50.000000
49.000000
47.000000
45.000000
44.000000
42.000000
40.000000
37.000000
37.000000
36.000000
33.000000
33.000000
33.000000
30.000000
28.000000
27.000000
27.000000
26.000000
25.000000
24.000000
22.000000
21.000000
21.000000
20.000000
19.000000
19.000000
17.000000
17.000000
16.000000
16.000000
15.000000
15.000000
14.000000
13.000000
13.000000
12.000000
11.000000
10.000000
10.000000
9.000000
9.000000
9.000000
8.000000
8.000000
8.000000
7.000000
7.000000
7.000000
6.000000
6.000000
6.000000
6.000000
5.000000
5.000000
5.000000
4.000000
4.000000
3.000000
3.000000
3.000000
3.000000
2.000000
2.000000
2.000000
2.000000
2.000000
2.000000
2.000000
1.000000
1.000000
1.000000
1.000000
1.000000
1.000000
1.000000
0.000000
0.000000
0.000000
0.000000
0.000000
0.000000
0.000000
0.000000
0.000000
0.000000
0.000000
0.000000
0.000000
0.000000
0.000000
0.000000
0.000000
0.000000
0.000000
0.000000
0.000000
0.000000
0.000000
0.000000
0.000000
0.000000
0.000000
0.000000
0.000000
0.000000
0.000000
0.000000
0.000000
0.000000
0.000000
0.000000
0.000000
0.000000
