14201.000000
10175.000000
8156.000000
7114.000000
4718.000000
4369.000000
3739.000000
2859.000000
2585.000000
2461.000000
2240.000000
2067.000000
1853.000000
1694.000000
1595.000000
1461.000000
1354.000000
1224.000000
1154.000000
1001.000000
936.000000
902.000000
785.000000
741.000000
722.000000
702.000000
687.000000
611.000000
536.000000
532.000000
502.000000
448.000000
440.000000
427.000000
405.000000
391.000000
374.000000
355.000000
345.000000
316.000000
315.000000
297.000000
277.000000
252.000000
248.000000
241.000000
233.000000
229.000000
216.000000
201.000000
199.000000
185.000000
173.000000
166.000000
162.000000
157.000000
146.000000
145.000000
137.000000
131.000000
127.000000
124.000000
121.000000
113.000000
110.000000
105.000000
102.000000
101.000000
93.000000
87.000000
86.000000
86.000000
84.000000
80.000000
77.000000
74.000000
73.000000
67.000000
65.000000
63.000000
59.000000
58.000000
57.000000
57.000000
53.000000
52.000000
49.000000
48.000000
46.000000
44.000000
42.000000
42.000000
41.000000
38.000000
36.000000
35.000000
34.000000
32.000000
31.000000
29.000000
28.000000
27.000000
26.000000
25.000000
24.000000
22.000000
22.000000
20.000000
20.000000
19.000000
19.000000
18.000000
17.000000
16.000000
16.000000
15.000000
14.000000
13.000000
13.000000
12.000000
12.000000
11.000000
11.000000
10.000000
10.000000
10.000000
9.000000
8.000000
8.000000
8.000000
7.000000
7.000000
6.000000
6.000000
6.000000
5.000000
5.000000
4.000000
4.000000
4.000000
4.000000
3.000000
3.000000
3.000000
3.000000
2.000000
2.000000
2.000000
2.000000
2.000000
2.000000
1.000000
1.000000
1.000000
1.000000
1.000000
1.000000
0.000000
0.000000
0.000000
0.000000
0.000000
0.000000
0.000000
0.000000
0.000000
0.000000
0.000000
0.000000
0.000000
0.000000
0.000000
0.000000
0.000000
0.000000
0.000000
0.000000
0.000000
0.000000
0.000000
0.000000
0.000000
0.000000
0.000000
0.000000
0.000000
0.000000
0.000000
0.000000
0.000000
0.000000
0.000000
0.000000
0.000000
0.000000
0.000000
