15280.000000
10603.000000
10057.000000
7297.000000
5596.000000
4898.000000
4188.000000
3237.000000
2735.000000
2216.000000
1818.000000
1694.000000
1376.000000
1231.000000
1155.000000
905.000000
873.000000
773.000000
676.000000
622.000000
580.000000
559.000000
475.000000
452.000000
392.000000
349.000000
334.000000
304.000000
281.000000
254.000000
247.000000
231.000000
213.000000
203.000000
180.000000
167.000000
148.000000
140.000000
135.000000
132.000000
123.000000
115.000000
107.000000
100.000000
95.000000
91.000000
86.000000
84.000000
77.000000
74.000000
69.000000
67.000000
63.000000
58.000000
56.000000
54.000000
50.000000
48.000000
45.000000
44.000000
43.000000
42.000000
38.000000
36.000000
34.000000
33.000000
30.000000
30.000000
28.000000
28.000000
25.000000
24.000000
22.000000
21.000000
19.000000
19.000000
18.000000
18.000000
16.000000
15.000000
15.000000
14.000000
14.000000
13.000000
12.000000
12.000000
11.000000
11.000000
10.000000
9.000000
9.000000
9.000000
8.000000
8.000000
7.000000
7.000000
7.000000
6.000000
6.000000
5.000000
5.000000
5.000000
5.000000
5.000000
5.000000
4.000000
4.000000
4.000000
3.000000
3.000000
3.000000
3.000000
3.000000
2.000000
2.000000
2.000000
2.000000
2.000000
2.000000
2.000000
1.000000
1.000000
1.000000
1.000000
1.000000
1.000000
1.000000
1.000000
1.000000
1.000000
0.000000
0.000000
0.000000
0.000000
0.000000
0.000000
0.000000
0.000000
0.000000
0.000000
0.000000
0.000000
0.000000
0.000000
0.000000
0.000000
0.000000
0.000000
0.000000
0.000000
0.000000
0.000000
0.000000
0.000000
0.000000
0.000000
0.000000
0.000000
0.000000
0.000000
0.000000
0.000000
0.000000
0.000000
0.000000
0.000000
0.000000
0.000000
0.000000
0.000000
0.000000
0.000000
0.000000
0.000000
0.000000
0.000000
0.000000
0.000000
0.000000
0.000000
0.000000
0.000000
0.000000
0.000000
0.000000
0.000000
0.000000
0.000000
0.000000
0.000000
0.000000
0.000000
0.000000
0.000000
0.000000
0.000000
