15815.000000
10211.000000
8849.000000
5447.000000
5010.000000
4200.000000
3379.000000
2895.000000
2018.000000
1921.000000
1584.000000
1482.000000
1409.000000
1210.000000
1084.000000
1010.000000
816.000000
745.000000
638.000000
571.000000
545.000000
495.000000
482.000000
418.000000
396.000000
363.000000
352.000000
316.000000
295.000000
268.000000
251.000000
239.000000
235.000000
208.000000
193.000000
191.000000
178.000000
165.000000
158.000000
139.000000
138.000000
127.000000
120.000000
114.000000
107.000000
102.000000
98.000000
96.000000
85.000000
82.000000
78.000000
77.000000
72.000000
67.000000
61.000000
57.000000
57.000000
54.000000
50.000000
49.000000
47.000000
45.000000
42.000000
42.000000
40.000000
34.000000
33.000000
32.000000
30.000000
29.000000
27.000000
25.000000
25.000000
24.000000
23.000000
22.000000
19.000000
18.000000
18.000000
17.000000
16.000000
15.000000
14.000000
14.000000
13.000000
12.000000
12.000000
12.000000
11.000000
10.000000
10.000000
9.000000
9.000000
8.000000
8.000000
7.000000
7.000000
6.000000
6.000000
6.000000
5.000000
5.000000
5.000000
5.000000
4.000000
4.000000
4.000000
4.000000
3.000000
3.000000
3.000000
3.000000
3.000000
2.000000
2.000000
2.000000
2.000000
2.000000
2.000000
2.000000
1.000000
1.000000
1.000000
1.000000
1.000000
1.000000
1.000000
1.000000
1.000000
1.000000
0.000000
0.000000
0.000000
0.000000
0.000000
0.000000
0.000000
0.000000
0.000000
0.000000
0.000000
0.000000
0.000000
0.000000
0.000000
0.000000
0.000000
0.000000
0.000000
0.000000
0.000000
0.000000
0.000000
0.000000
0.000000
0.000000
0.000000
0.000000
0.000000
0.000000
0.000000
0.000000
0.000000
0.000000
0.000000
0.000000
0.000000
0.000000
0.000000
0.000000
0.000000
0.000000
0.000000
0.000000
0.000000
0.000000
0.000000
0.000000
0.000000
0.000000
0.000000
0.000000
0.000000
0.000000
0.000000
0.000000
0.000000
0.000000
0.000000
0.000000
0.000000
0.000000
0.000000
0.000000
0.000000
0.000000
