18211.000000
9607.000000
9022.000000
7909.000000
4984.000000
3222.000000
2735.000000
2524.000000
2419.000000
1880.000000
1751.000000
1554.000000
1351.000000
1177.000000
1063.000000
1005.000000
915.000000
857.000000
833.000000
801.000000
748.000000
641.000000
606.000000
562.000000
510.000000
496.000000
468.000000
430.000000
394.000000
388.000000
343.000000
291.000000
285.000000
278.000000
254.000000
242.000000
221.000000
208.000000
197.000000
191.000000
188.000000
177.000000
174.000000
169.000000
161.000000
148.000000
138.000000
133.000000
130.000000
128.000000
121.000000
113.000000
107.000000
103.000000
101.000000
94.000000
90.000000
88.000000
87.000000
80.000000
77.000000
72.000000
70.000000
68.000000
64.000000
61.000000
59.000000
57.000000
52.000000
51.000000
50.000000
49.000000
48.000000
44.000000
42.000000
40.000000
39.000000
38.000000
36.000000
35.000000
34.000000
34.000000
33.000000
31.000000
27.000000
27.000000
26.000000
25.000000
24.000000
22.000000
21.000000
21.000000
20.000000
19.000000
18.000000
17.000000
17.000000
16.000000
15.000000
15.000000
14.000000
14.000000
13.000000
12.000000
12.000000
11.000000
10.000000
10.000000
9.000000
9.000000
9.000000
8.000000
8.000000
7.000000
7.000000
7.000000
6.000000
6.000000
6.000000
5.000000
5.000000
5.000000
4.000000
4.000000
4.000000
4.000000
4.000000
3.000000
3.000000
3.000000
3.000000
2.000000
2.000000
2.000000
2.000000
2.000000
2.000000
2.000000
1.000000
1.000000
1.000000
1.000000
1.000000
1.000000
1.000000
1.000000
1.000000
1.000000
0.000000
0.000000
0.000000
0.000000
0.000000
0.000000
0.000000
0.000000
0.000000
0.000000
0.000000
0.000000
0.000000
0.000000
0.000000
0.000000
0.000000
0.000000
0.000000
0.000000
0.000000
0.000000
0.000000
0.000000
0.000000
0.000000
0.000000
0.000000
0.000000
0.000000
0.000000
0.000000
0.000000
0.000000
0.000000
0.000000
0.000000
0.000000
0.000000
0.000000
0.000000
0.000000
0.000000
0.000000
0.000000
0.000000
0.000000
0.000000
