26707.000000
16058.000000
14269.000000
9308.000000
7974.000000
5555.000000
5492.000000
4170.000000
3522.000000
3300.000000
3159.000000
2507.000000
2093.000000
1762.000000
1604.000000
1527.000000
1240.000000
1102.000000
937.000000
923.000000
852.000000
805.000000
745.000000
689.000000
645.000000
592.000000
572.000000
560.000000
481.000000
460.000000
413.000000
402.000000
387.000000
374.000000
357.000000
350.000000
301.000000
282.000000
267.000000
258.000000
230.000000
225.000000
216.000000
197.000000
196.000000
184.000000
174.000000
166.000000
154.000000
148.000000
137.000000
130.000000
124.000000
121.000000
112.000000
104.000000
101.000000
99.000000
97.000000
87.000000
84.000000
79.000000
77.000000
72.000000
70.000000
68.000000
65.000000
62.000000
60.000000
57.000000
54.000000
51.000000
50.000000
48.000000
45.000000
43.000000
40.000000
38.000000
38.000000
34.000000
34.000000
32.000000
31.000000
30.000000
29.000000
26.000000
25.000000
23.000000
23.000000
23.000000
21.000000
20.000000
20.000000
18.000000
18.000000
17.000000
17.000000
16.000000
15.000000
14.000000
14.000000
13.000000
12.000000
12.000000
11.000000
10.000000
10.000000
9.000000
9.000000
8.000000
8.000000
8.000000
7.000000
7.000000
7.000000
7.000000
6.000000
6.000000
5.000000
5.000000
5.000000
5.000000
4.000000
4.000000
4.000000
4.000000
3.000000
3.000000
3.000000
3.000000
2.000000
2.000000
2.000000
2.000000
2.000000
2.000000
1.000000
1.000000
1.000000
1.000000
1.000000
1.000000
1.000000
1.000000
1.000000
1.000000
0.000000
0.000000
0.000000
0.000000
0.000000
0.000000
0.000000
0.000000
0.000000
0.000000
0.000000
0.000000
0.000000
0.000000
0.000000
0.000000
0.000000
0.000000
0.000000
0.000000
0.000000
0.000000
0.000000
0.000000
0.000000
0.000000
0.000000
0.000000
0.000000
0.000000
0.000000
0.000000
0.000000
0.000000
0.000000
0.000000
0.000000
0.000000
0.000000
0.000000
0.000000
0.000000
0.000000
0.000000
0.000000
0.000000
0.000000
0.000000
0.000000
0.000000
