16690.000000
12779.000000
7165.000000
6573.000000
4861.000000
4303.000000
3501.000000
3402.000000
2634.000000
2421.000000
2223.000000
1808.000000
1672.000000
1576.000000
1441.000000
1411.000000
1203.000000
1108.000000
1046.000000
931.000000
909.000000
874.000000
848.000000
731.000000
668.000000
660.000000
609.000000
579.000000
529.000000
504.000000
485.000000
464.000000
441.000000
419.000000
400.000000
392.000000
366.000000
349.000000
341.000000
312.000000
295.000000
284.000000
269.000000
254.000000
252.000000
242.000000
224.000000
218.000000
209.000000
204.000000
192.000000
183.000000
175.000000
169.000000
165.000000
158.000000
155.000000
137.000000
136.000000
129.000000
127.000000
121.000000
113.000000
111.000000
110.000000
103.000000
100.000000
97.000000
89.000000
88.000000
83.000000
79.000000
77.000000
72.000000
71.000000
68.000000
67.000000
63.000000
62.000000
57.000000
55.000000
55.000000
52.000000
49.000000
47.000000
45.000000
44.000000
42.000000
41.000000
39.000000
37.000000
37.000000
35.000000
34.000000
33.000000
32.000000
32.000000
30.000000
28.000000
27.000000
27.000000
25.000000
23.000000
23.000000
22.000000
20.000000
19.000000
19.000000
19.000000
18.000000
17.000000
16.000000
16.000000
15.000000
15.000000
14.000000
13.000000
13.000000
12.000000
11.000000
11.000000
10.000000
10.000000
9.000000
9.000000
9.000000
8.000000
8.000000
7.000000
7.000000
7.000000
6.000000
6.000000
5.000000
5.000000
5.000000
5.000000
5.000000
4.000000
4.000000
3.000000
3.000000
3.000000
3.000000
3.000000
3.000000
3.000000
2.000000
2.000000
2.000000
2.000000
1.000000
1.000000
1.000000
1.000000
1.000000
1.000000
1.000000
1.000000
0.000000
0.000000
0.000000
0.000000
0.000000
0.000000
0.000000
0.000000
0.000000
0.000000
0.000000
0.000000
0.000000
0.000000
0.000000
0.000000
0.000000
0.000000
0.000000
0.000000
0.000000
0.000000
0.000000
0.000000
0.000000
0.000000
0.000000
0.000000
0.000000
0.000000
0.000000
0.000000
0.000000
0.000000
0.000000
0.000000
0.000000
