15895.000000
9708.000000
9261.000000
6135.000000
4997.000000
4262.000000
3339.000000
2941.000000
2739.000000
2507.000000
1873.000000
1706.000000
1487.000000
1362.000000
1243.000000
1166.000000
1060.000000
992.000000
929.000000
870.000000
841.000000
680.000000
649.000000
619.000000
545.000000
526.000000
452.000000
443.000000
366.000000
355.000000
321.000000
309.000000
299.000000
276.000000
262.000000
238.000000
236.000000
218.000000
213.000000
205.000000
191.000000
188.000000
172.000000
161.000000
149.000000
142.000000
140.000000
131.000000
125.000000
117.000000
113.000000
109.000000
100.000000
95.000000
93.000000
88.000000
84.000000
80.000000
78.000000
74.000000
72.000000
71.000000
66.000000
65.000000
62.000000
59.000000
55.000000
52.000000
51.000000
49.000000
49.000000
44.000000
42.000000
41.000000
41.000000
39.000000
35.000000
34.000000
34.000000
31.000000
30.000000
29.000000
27.000000
26.000000
26.000000
25.000000
25.000000
24.000000
21.000000
20.000000
19.000000
19.000000
18.000000
18.000000
16.000000
16.000000
16.000000
15.000000
14.000000
13.000000
13.000000
12.000000
11.000000
11.000000
11.000000
10.000000
9.000000
9.000000
8.000000
8.000000
7.000000
7.000000
6.000000
6.000000
6.000000
6.000000
5.000000
5.000000
5.000000
4.000000
4.000000
4.000000
4.000000
4.000000
3.000000
3.000000
3.000000
3.000000
3.000000
2.000000
2.000000
2.000000
2.000000
2.000000
2.000000
1.000000
1.000000
1.000000
1.000000
1.000000
1.000000
1.000000
1.000000
1.000000
1.000000
1.000000
0.000000
0.000000
0.000000
0.000000
0.000000
0.000000
0.000000
0.000000
0.000000
0.000000
0.000000
0.000000
0.000000
0.000000
0.000000
0.000000
0.000000
0.000000
0.000000
0.000000
0.000000
0.000000
0.000000
0.000000
0.000000
0.000000
0.000000
0.000000
0.000000
0.000000
0.000000
0.000000
0.000000
0.000000
0.000000
0.000000
0.000000
0.000000
0.000000
0.000000
0.000000
0.000000
0.000000
0.000000
0.000000
0.000000
0.000000
0.000000
0.000000
0.000000
