12243.000000
11055.000000
7902.000000
7255.000000
6376.000000
5793.000000
5271.000000
4259.000000
4054.000000
2957.000000
2881.000000
2583.000000
2154.000000
1961.000000
1652.000000
1450.000000
1415.000000
1308.000000
1273.000000
1115.000000
1051.000000
962.000000
951.000000
902.000000
806.000000
753.000000
703.000000
682.000000
645.000000
625.000000
592.000000
561.000000
532.000000
522.000000
479.000000
465.000000
429.000000
427.000000
408.000000
385.000000
369.000000
334.000000
324.000000
308.000000
286.000000
276.000000
263.000000
260.000000
253.000000
239.000000
237.000000
230.000000
223.000000
207.000000
201.000000
190.000000
186.000000
177.000000
168.000000
165.000000
154.000000
153.000000
145.000000
142.000000
132.000000
123.000000
122.000000
120.000000
119.000000
112.000000
108.000000
105.000000
102.000000
96.000000
93.000000
89.000000
82.000000
81.000000
79.000000
77.000000
74.000000
72.000000
71.000000
67.000000
66.000000
64.000000
61.000000
60.000000
58.000000
56.000000
52.000000
52.000000
50.000000
49.000000
48.000000
46.000000
42.000000
41.000000
38.000000
38.000000
37.000000
35.000000
32.000000
32.000000
30.000000
29.000000
27.000000
27.000000
26.000000
26.000000
25.000000
23.000000
23.000000
22.000000
20.000000
20.000000
19.000000
19.000000
18.000000
17.000000
17.000000
16.000000
15.000000
14.000000
13.000000
12.000000
12.000000
11.000000
11.000000
10.000000
10.000000
10.000000
9.000000
8.000000
8.000000
7.000000
7.000000
7.000000
6.000000
6.000000
6.000000
5.000000
5.000000
5.000000
5.000000
4.000000
4.000000
4.000000
3.000000
3.000000
3.000000
3.000000
2.000000
2.000000
2.000000
2.000000
1.000000
1.000000
1.000000
1.000000
1.000000
1.000000
1.000000
1.000000
0.000000
0.000000
0.000000
0.000000
0.000000
0.000000
0.000000
0.000000
0.000000
0.000000
0.000000
0.000000
0.000000
0.000000
0.000000
0.000000
0.000000
0.000000
0.000000
0.000000
0.000000
0.000000
0.000000
0.000000
0.000000
0.000000
0.000000
0.000000
0.000000
0.000000
0.000000
0.000000
