15909.000000
13005.000000
10614.000000
8236.000000
7135.000000
6637.000000
5068.000000
4314.000000
4030.000000
3479.000000
3336.000000
3097.000000
2575.000000
2311.000000
1921.000000
1813.000000
1623.000000
1593.000000
1518.000000
1291.000000
1222.000000
1141.000000
1082.000000
1004.000000
873.000000
829.000000
742.000000
699.000000
637.000000
620.000000
571.000000
532.000000
492.000000
471.000000
436.000000
412.000000
392.000000
372.000000
367.000000
353.000000
352.000000
338.000000
286.000000
277.000000
266.000000
247.000000
235.000000
225.000000
204.000000
202.000000
197.000000
183.000000
175.000000
172.000000
160.000000
149.000000
145.000000
142.000000
133.000000
128.000000
122.000000
118.000000
116.000000
112.000000
107.000000
101.000000
98.000000
96.000000
96.000000
90.000000
87.000000
80.000000
80.000000
73.000000
71.000000
67.000000
66.000000
63.000000
60.000000
58.000000
58.000000
54.000000
53.000000
51.000000
48.000000
47.000000
45.000000
43.000000
41.000000
39.000000
37.000000
34.000000
33.000000
30.000000
30.000000
29.000000
27.000000
27.000000
27.000000
25.000000
24.000000
23.000000
22.000000
21.000000
21.000000
19.000000
18.000000
17.000000
17.000000
17.000000
15.000000
14.000000
14.000000
14.000000
13.000000
13.000000
12.000000
12.000000
12.000000
11.000000
10.000000
9.000000
9.000000
9.000000
9.000000
8.000000
8.000000
7.000000
7.000000
6.000000
6.000000
6.000000
6.000000
6.000000
5.000000
5.000000
5.000000
5.000000
4.000000
4.000000
4.000000
3.000000
3.000000
3.000000
2.000000
2.000000
2.000000
2.000000
2.000000
2.000000
1.000000
1.000000
1.000000
1.000000
1.000000
1.000000
1.000000
1.000000
0.000000
0.000000
0.000000
0.000000
0.000000
0.000000
0.000000
0.000000
0.000000
0.000000
0.000000
0.000000
0.000000
0.000000
0.000000
0.000000
0.000000
0.000000
0.000000
0.000000
0.000000
0.000000
0.000000
0.000000
0.000000
0.000000
0.000000
0.000000
0.000000
0.000000
0.000000
0.000000
0.000000
0.000000
0.000000
0.000000
0.000000
0.000000
