18910.000000
14930.000000
8131.000000
7507.000000
5502.000000
4789.000000
4665.000000
4213.000000
3592.000000
3476.000000
2673.000000
2419.000000
2225.000000
2039.000000
1949.000000
1817.000000
1595.000000
1470.000000
1365.000000
1102.000000
1059.000000
1008.000000
867.000000
842.000000
775.000000
743.000000
673.000000
608.000000
593.000000
568.000000
520.000000
488.000000
478.000000
431.000000
395.000000
370.000000
336.000000
332.000000
314.000000
299.000000
276.000000
262.000000
259.000000
238.000000
235.000000
224.000000
217.000000
183.000000
179.000000
171.000000
159.000000
155.000000
149.000000
144.000000
135.000000
131.000000
122.000000
121.000000
113.000000
110.000000
107.000000
105.000000
96.000000
93.000000
91.000000
87.000000
82.000000
78.000000
74.000000
71.000000
71.000000
66.000000
65.000000
61.000000
57.000000
55.000000
54.000000
50.000000
48.000000
46.000000
44.000000
43.000000
41.000000
40.000000
39.000000
36.000000
33.000000
33.000000
31.000000
30.000000
28.000000
28.000000
26.000000
25.000000
24.000000
23.000000
22.000000
21.000000
21.000000
19.000000
18.000000
17.000000
17.000000
16.000000
16.000000
15.000000
14.000000
14.000000
14.000000
13.000000
13.000000
11.000000
10.000000
10.000000
10.000000
9.000000
9.000000
8.000000
8.000000
7.000000
7.000000
6.000000
6.000000
6.000000
6.000000
6.000000
5.000000
5.000000
5.000000
5.000000
4.000000
4.000000
4.000000
4.000000
3.000000
3.000000
3.000000
3.000000
2.000000
2.000000
2.000000
2.000000
2.000000
1.000000
1.000000
1.000000
1.000000
1.000000
1.000000
1.000000
1.000000
1.000000
1.000000
0.000000
0.000000
0.000000
0.000000
0.000000
0.000000
0.000000
0.000000
0.000000
0.000000
0.000000
0.000000
0.000000
0.000000
0.000000
0.000000
0.000000
0.000000
0.000000
0.000000
0.000000
0.000000
0.000000
0.000000
0.000000
0.000000
0.000000
0.000000
0.000000
0.000000
0.000000
0.000000
0.000000
0.000000
0.000000
0.000000
0.000000
0.000000
0.000000
0.000000
0.000000
0.000000
0.000000
