16708.000000
12055.000000
10747.000000
9039.000000
8270.000000
5626.000000
5106.000000
4207.000000
3561.000000
3036.000000
2941.000000
2575.000000
2533.000000
2246.000000
1964.000000
1566.000000
1433.000000
1363.000000
1296.000000
1138.000000
1051.000000
1032.000000
989.000000
842.000000
743.000000
673.000000
610.000000
603.000000
586.000000
562.000000
523.000000
498.000000
466.000000
442.000000
428.000000
384.000000
364.000000
351.000000
337.000000
336.000000
314.000000
295.000000
279.000000
272.000000
236.000000
226.000000
218.000000
209.000000
202.000000
196.000000
187.000000
182.000000
175.000000
164.000000
152.000000
149.000000
142.000000
137.000000
135.000000
125.000000
121.000000
118.000000
113.000000
108.000000
106.000000
101.000000
97.000000
94.000000
90.000000
86.000000
85.000000
80.000000
75.000000
71.000000
69.000000
68.000000
66.000000
62.000000
61.000000
56.000000
55.000000
54.000000
53.000000
51.000000
48.000000
46.000000
44.000000
43.000000
42.000000
40.000000
37.000000
35.000000
34.000000
33.000000
32.000000
29.000000
29.000000
28.000000
25.000000
24.000000
23.000000
22.000000
21.000000
21.000000
20.000000
20.000000
19.000000
17.000000
17.000000
17.000000
16.000000
15.000000
14.000000
14.000000
13.000000
12.000000
12.000000
11.000000
11.000000
10.000000
9.000000
9.000000
8.000000
8.000000
7.000000
7.000000
7.000000
6.000000
6.000000
6.000000
5.000000
5.000000
4.000000
4.000000
4.000000
4.000000
3.000000
3.000000
3.000000
3.000000
3.000000
2.000000
2.000000
2.000000
2.000000
2.000000
2.000000
1.000000
1.000000
1.000000
1.000000
1.000000
1.000000
1.000000
1.000000
0.000000
0.000000
0.000000
0.000000
0.000000
0.000000
0.000000
0.000000
0.000000
0.000000
0.000000
0.000000
0.000000
0.000000
0.000000
0.000000
0.000000
0.000000
0.000000
0.000000
0.000000
0.000000
0.000000
0.000000
0.000000
0.000000
0.000000
0.000000
0.000000
0.000000
0.000000
0.000000
0.000000
0.000000
0.000000
0.000000
0.000000
0.000000
0.000000
0.000000
0.000000
