21857.000000
18693.000000
9191.000000
6956.000000
6463.000000
5720.000000
3706.000000
2970.000000
2276.000000
2092.000000
1862.000000
1495.000000
1369.000000
1293.000000
1122.000000
1036.000000
912.000000
887.000000
732.000000
677.000000
621.000000
557.000000
528.000000
483.000000
468.000000
458.000000
432.000000
393.000000
369.000000
359.000000
328.000000
316.000000
291.000000
282.000000
260.000000
236.000000
230.000000
213.000000
203.000000
188.000000
185.000000
183.000000
161.000000
147.000000
145.000000
139.000000
138.000000
135.000000
131.000000
122.000000
116.000000
114.000000
109.000000
97.000000
92.000000
89.000000
83.000000
78.000000
76.000000
71.000000
69.000000
69.000000
64.000000
64.000000
59.000000
58.000000
57.000000
54.000000
53.000000
50.000000
47.000000
46.000000
45.000000
42.000000
39.000000
38.000000
36.000000
35.000000
34.000000
32.000000
31.000000
29.000000
28.000000
28.000000
27.000000
26.000000
24.000000
23.000000
22.000000
21.000000
19.000000
19.000000
18.000000
17.000000
16.000000
16.000000
15.000000
14.000000
14.000000
13.000000
12.000000
12.000000
11.000000
11.000000
11.000000
9.000000
9.000000
9.000000
8.000000
8.000000
8.000000
7.000000
7.000000
6.000000
6.000000
6.000000
5.000000
5.000000
5.000000
5.000000
5.000000
4.000000
4.000000
4.000000
3.000000
3.000000
3.000000
3.000000
3.000000
2.000000
2.000000
2.000000
2.000000
2.000000
2.000000
2.000000
2.000000
1.000000
1.000000
1.000000
1.000000
1.000000
1.000000
1.000000
1.000000
0.000000
0.000000
0.000000
0.000000
0.000000
0.000000
0.000000
0.000000
0.000000
0.000000
0.000000
0.000000
0.000000
0.000000
0.000000
0.000000
0.000000
0.000000
0.000000
0.000000
0.000000
0.000000
0.000000
0.000000
0.000000
0.000000
0.000000
0.000000
0.000000
0.000000
0.000000
0.000000
0.000000
0.000000
0.000000
0.000000
0.000000
0.000000
0.000000
0.000000
0.000000
0.000000
0.000000
0.000000
0.000000
0.000000
0.000000
0.000000
0.000000
0.000000
0.000000
