25396.000000
11158.000000
8868.000000
7400.000000
6523.000000
6340.000000
4401.000000
4110.000000
3405.000000
3281.000000
2728.000000
2398.000000
2292.000000
2014.000000
1797.000000
1607.000000
1369.000000
1349.000000
1222.000000
1130.000000
969.000000
906.000000
886.000000
827.000000
807.000000
748.000000
658.000000
620.000000
555.000000
530.000000
495.000000
459.000000
430.000000
423.000000
364.000000
358.000000
354.000000
345.000000
322.000000
300.000000
282.000000
273.000000
261.000000
251.000000
237.000000
226.000000
215.000000
211.000000
202.000000
187.000000
173.000000
160.000000
160.000000
152.000000
148.000000
144.000000
141.000000
140.000000
124.000000
123.000000
117.000000
115.000000
113.000000
104.000000
103.000000
97.000000
94.000000
92.000000
89.000000
82.000000
78.000000
76.000000
73.000000
70.000000
67.000000
65.000000
62.000000
59.000000
59.000000
58.000000
53.000000
52.000000
48.000000
48.000000
45.000000
45.000000
43.000000
40.000000
39.000000
38.000000
36.000000
34.000000
32.000000
32.000000
29.000000
29.000000
27.000000
26.000000
25.000000
25.000000
23.000000
23.000000
22.000000
21.000000
20.000000
19.000000
18.000000
17.000000
17.000000
15.000000
15.000000
14.000000
14.000000
13.000000
13.000000
13.000000
12.000000
12.000000
11.000000
11.000000
10.000000
10.000000
9.000000
8.000000
8.000000
8.000000
7.000000
7.000000
7.000000
6.000000
6.000000
6.000000
6.000000
5.000000
5.000000
5.000000
5.000000
4.000000
4.000000
3.000000
3.000000
3.000000
3.000000
3.000000
2.000000
2.000000
2.000000
2.000000
1.000000
1.000000
1.000000
1.000000
1.000000
1.000000
1.000000
1.000000
1.000000
1.000000
0.000000
0.000000
0.000000
0.000000
0.000000
0.000000
0.000000
0.000000
0.000000
0.000000
0.000000
0.000000
0.000000
0.000000
0.000000
0.000000
0.000000
0.000000
0.000000
0.000000
0.000000
0.000000
0.000000
0.000000
0.000000
0.000000
0.000000
0.000000
0.000000
0.000000
0.000000
0.000000
0.000000
0.000000
0.000000
0.000000
0.000000
0.000000
