13727.000000
5170.000000
4014.000000
3313.000000
2538.000000
1689.000000
1502.000000
1169.000000
843.000000
734.000000
652.000000
531.000000
496.000000
447.000000
385.000000
345.000000
306.000000
275.000000
253.000000
220.000000
201.000000
181.000000
167.000000
157.000000
146.000000
131.000000
123.000000
121.000000
110.000000
103.000000
102.000000
89.000000
87.000000
81.000000
72.000000
69.000000
63.000000
58.000000
56.000000
53.000000
49.000000
46.000000
42.000000
41.000000
40.000000
38.000000
37.000000
35.000000
33.000000
31.000000
28.000000
27.000000
25.000000
24.000000
22.000000
21.000000
21.000000
20.000000
18.000000
17.000000
16.000000
16.000000
14.000000
13.000000
13.000000
12.000000
11.000000
10.000000
9.000000
9.000000
9.000000
9.000000
8.000000
7.000000
6.000000
6.000000
6.000000
6.000000
6.000000
5.000000
5.000000
4.000000
4.000000
4.000000
4.000000
3.000000
3.000000
3.000000
3.000000
3.000000
3.000000
2.000000
2.000000
2.000000
2.000000
2.000000
2.000000
2.000000
2.000000
1.000000
1.000000
1.000000
1.000000
1.000000
1.000000
1.000000
1.000000
1.000000
1.000000
0.000000
0.000000
0.000000
0.000000
0.000000
0.000000
0.000000
0.000000
0.000000
0.000000
0.000000
0.000000
0.000000
0.000000
0.000000
0.000000
0.000000
0.000000
0.000000
0.000000
0.000000
0.000000
0.000000
0.000000
0.000000
0.000000
0.000000
0.000000
0.000000
0.000000
0.000000
0.000000
0.000000
0.000000
0.000000
0.000000
0.000000
0.000000
0.000000
0.000000
0.000000
0.000000
0.000000
0.000000
0.000000
0.000000
0.000000
0.000000
0.000000
0.000000
0.000000
0.000000
0.000000
0.000000
0.000000
0.000000
0.000000
0.000000
0.000000
0.000000
0.000000
0.000000
0.000000
0.000000
0.000000
0.000000
0.000000
0.000000
0.000000
0.000000
0.000000
0.000000
0.000000
0.000000
0.000000
0.000000
0.000000
0.000000
0.000000
0.000000
0.000000
0.000000
0.000000
0.000000
0.000000
0.000000
0.000000
