13932.000000
11226.000000
10411.000000
6943.000000
6389.000000
4643.000000
4015.000000
3229.000000
2893.000000
2601.000000
2079.000000
1818.000000
1761.000000
1666.000000
1407.000000
1171.000000
1064.000000
967.000000
829.000000
812.000000
787.000000
690.000000
634.000000
567.000000
539.000000
500.000000
487.000000
462.000000
400.000000
388.000000
378.000000
353.000000
332.000000
326.000000
303.000000
273.000000
259.000000
247.000000
232.000000
225.000000
221.000000
202.000000
192.000000
187.000000
179.000000
172.000000
160.000000
153.000000
136.000000
133.000000
126.000000
125.000000
119.000000
113.000000
110.000000
108.000000
102.000000
99.000000
93.000000
88.000000
84.000000
82.000000
78.000000
73.000000
69.000000
65.000000
64.000000
61.000000
58.000000
57.000000
54.000000
52.000000
51.000000
49.000000
47.000000
45.000000
44.000000
42.000000
40.000000
39.000000
38.000000
35.000000
34.000000
32.000000
32.000000
29.000000
27.000000
26.000000
26.000000
26.000000
24.000000
24.000000
22.000000
22.000000
21.000000
19.000000
18.000000
18.000000
16.000000
15.000000
14.000000
14.000000
13.000000
12.000000
12.000000
11.000000
11.000000
10.000000
10.000000
9.000000
9.000000
9.000000
8.000000
8.000000
7.000000
7.000000
7.000000
6.000000
6.000000
6.000000
5.000000
5.000000
5.000000
5.000000
4.000000
4.000000
4.000000
4.000000
3.000000
3.000000
3.000000
3.000000
3.000000
3.000000
2.000000
2.000000
2.000000
2.000000
2.000000
1.000000
1.000000
1.000000
1.000000
1.000000
1.000000
1.000000
1.000000
1.000000
1.000000
0.000000
0.000000
0.000000
0.000000
0.000000
0.000000
0.000000
0.000000
0.000000
0.000000
0.000000
0.000000
0.000000
0.000000
0.000000
0.000000
0.000000
0.000000
0.000000
0.000000
0.000000
0.000000
0.000000
0.000000
0.000000
0.000000
0.000000
0.000000
0.000000
0.000000
0.000000
0.000000
0.000000
0.000000
0.000000
0.000000
0.000000
0.000000
0.000000
0.000000
0.000000
0.000000
0.000000
0.000000
0.000000
0.000000
0.000000
