10587.000000
10026.000000
7827.000000
5117.000000
4201.000000
2889.000000
2507.000000
2368.000000
2010.000000
1548.000000
1312.000000
1159.000000
1029.000000
884.000000
726.000000
705.000000
608.000000
542.000000
498.000000
441.000000
433.000000
414.000000
351.000000
331.000000
313.000000
284.000000
271.000000
258.000000
236.000000
226.000000
216.000000
181.000000
171.000000
168.000000
154.000000
147.000000
140.000000
132.000000
126.000000
120.000000
108.000000
105.000000
98.000000
94.000000
92.000000
87.000000
85.000000
82.000000
79.000000
72.000000
69.000000
64.000000
61.000000
61.000000
58.000000
53.000000
51.000000
49.000000
49.000000
46.000000
45.000000
41.000000
38.000000
35.000000
35.000000
34.000000
32.000000
31.000000
29.000000
28.000000
27.000000
26.000000
25.000000
24.000000
23.000000
21.000000
20.000000
19.000000
18.000000
17.000000
16.000000
16.000000
15.000000
15.000000
13.000000
12.000000
12.000000
12.000000
11.000000
10.000000
10.000000
9.000000
9.000000
8.000000
8.000000
7.000000
7.000000
7.000000
7.000000
6.000000
6.000000
6.000000
5.000000
5.000000
4.000000
4.000000
4.000000
4.000000
3.000000
3.000000
3.000000
3.000000
3.000000
2.000000
2.000000
2.000000
2.000000
2.000000
2.000000
2.000000
2.000000
1.000000
1.000000
1.000000
1.000000
1.000000
1.000000
1.000000
1.000000
1.000000
0.000000
0.000000
0.000000
0.000000
0.000000
0.000000
0.000000
0.000000
0.000000
0.000000
0.000000
0.000000
0.000000
0.000000
0.000000
0.000000
0.000000
0.000000
0.000000
0.000000
0.000000
0.000000
0.000000
0.000000
0.000000
0.000000
0.000000
0.000000
0.000000
0.000000
0.000000
0.000000
0.000000
0.000000
0.000000
0.000000
0.000000
0.000000
0.000000
0.000000
0.000000
0.000000
0.000000
0.000000
0.000000
0.000000
0.000000
0.000000
0.000000
0.000000
0.000000
0.000000
0.000000
0.000000
0.000000
0.000000
0.000000
0.000000
0.000000
0.000000
0.000000
0.000000
0.000000
0.000000
0.000000
0.000000
