17739.000000
11906.000000
9488.000000
7618.000000
6708.000000
5548.000000
4596.000000
4050.000000
3826.000000
3558.000000
3325.000000
2879.000000
2689.000000
2306.000000
2238.000000
2091.000000
1897.000000
1744.000000
1652.000000
1578.000000
1429.000000
1386.000000
1276.000000
1126.000000
998.000000
937.000000
928.000000
851.000000
814.000000
775.000000
735.000000
702.000000
669.000000
630.000000
581.000000
566.000000
529.000000
500.000000
463.000000
389.000000
383.000000
370.000000
365.000000
339.000000
328.000000
313.000000
299.000000
278.000000
272.000000
260.000000
243.000000
239.000000
224.000000
218.000000
206.000000
195.000000
191.000000
183.000000
177.000000
172.000000
162.000000
148.000000
142.000000
133.000000
125.000000
119.000000
118.000000
116.000000
111.000000
103.000000
102.000000
100.000000
95.000000
94.000000
90.000000
85.000000
84.000000
80.000000
77.000000
75.000000
74.000000
67.000000
64.000000
61.000000
60.000000
57.000000
56.000000
54.000000
50.000000
49.000000
46.000000
45.000000
43.000000
40.000000
39.000000
38.000000
36.000000
35.000000
34.000000
33.000000
32.000000
31.000000
30.000000
27.000000
27.000000
26.000000
24.000000
23.000000
23.000000
21.000000
20.000000
20.000000
18.000000
17.000000
17.000000
16.000000
15.000000
15.000000
14.000000
14.000000
12.000000
12.000000
12.000000
11.000000
11.000000
10.000000
9.000000
9.000000
9.000000
8.000000
8.000000
7.000000
7.000000
6.000000
6.000000
6.000000
5.000000
5.000000
5.000000
4.000000
4.000000
4.000000
4.000000
4.000000
4.000000
3.000000
3.000000
2.000000
2.000000
2.000000
2.000000
2.000000
2.000000
2.000000
1.000000
1.000000
1.000000
1.000000
1.000000
1.000000
0.000000
0.000000
0.000000
0.000000
0.000000
0.000000
0.000000
0.000000
0.000000
0.000000
0.000000
0.000000
0.000000
0.000000
0.000000
0.000000
0.000000
0.000000
0.000000
0.000000
0.000000
0.000000
0.000000
0.000000
0.000000
0.000000
0.000000
0.000000
0.000000
0.000000
0.000000
0.000000
0.000000
0.000000
0.000000
0.000000
