17179.000000
12460.000000
9042.000000
6778.000000
5794.000000
5319.000000
3736.000000
3564.000000
2828.000000
2562.000000
2350.000000
2186.000000
1785.000000
1724.000000
1616.000000
1582.000000
1452.000000
1373.000000
1232.000000
1077.000000
1071.000000
994.000000
970.000000
886.000000
821.000000
759.000000
746.000000
676.000000
631.000000
604.000000
582.000000
547.000000
507.000000
493.000000
490.000000
442.000000
405.000000
395.000000
371.000000
367.000000
343.000000
308.000000
303.000000
292.000000
277.000000
265.000000
263.000000
246.000000
244.000000
236.000000
220.000000
216.000000
198.000000
187.000000
186.000000
180.000000
173.000000
166.000000
161.000000
152.000000
147.000000
143.000000
138.000000
134.000000
128.000000
120.000000
112.000000
108.000000
104.000000
101.000000
98.000000
94.000000
91.000000
86.000000
83.000000
80.000000
77.000000
75.000000
71.000000
66.000000
63.000000
58.000000
58.000000
57.000000
54.000000
52.000000
50.000000
48.000000
45.000000
44.000000
43.000000
41.000000
38.000000
38.000000
37.000000
37.000000
35.000000
33.000000
33.000000
30.000000
29.000000
28.000000
27.000000
25.000000
24.000000
23.000000
23.000000
22.000000
20.000000
18.000000
18.000000
18.000000
16.000000
15.000000
15.000000
15.000000
13.000000
12.000000
12.000000
11.000000
11.000000
10.000000
10.000000
10.000000
9.000000
9.000000
8.000000
8.000000
8.000000
7.000000
7.000000
6.000000
6.000000
6.000000
6.000000
5.000000
5.000000
5.000000
4.000000
4.000000
4.000000
3.000000
3.000000
3.000000
2.000000
2.000000
2.000000
2.000000
2.000000
2.000000
2.000000
1.000000
1.000000
1.000000
1.000000
1.000000
1.000000
1.000000
1.000000
0.000000
0.000000
0.000000
0.000000
0.000000
0.000000
0.000000
0.000000
0.000000
0.000000
0.000000
0.000000
0.000000
0.000000
0.000000
0.000000
0.000000
0.000000
0.000000
0.000000
0.000000
0.000000
0.000000
0.000000
0.000000
0.000000
0.000000
0.000000
0.000000
0.000000
0.000000
0.000000
0.000000
0.000000
0.000000
0.000000
0.000000
