17694.000000
10896.000000
7894.000000
6420.000000
5816.000000
5355.000000
4455.000000
4401.000000
4254.000000
2895.000000
2778.000000
2607.000000
1841.000000
1708.000000
1688.000000
1429.000000
1311.000000
1285.000000
1208.000000
1063.000000
1023.000000
947.000000
879.000000
814.000000
778.000000
724.000000
686.000000
646.000000
588.000000
548.000000
514.000000
496.000000
475.000000
439.000000
416.000000
390.000000
370.000000
362.000000
347.000000
322.000000
311.000000
310.000000
290.000000
279.000000
261.000000
239.000000
235.000000
227.000000
216.000000
200.000000
191.000000
187.000000
185.000000
176.000000
161.000000
158.000000
157.000000
154.000000
147.000000
143.000000
133.000000
130.000000
126.000000
117.000000
115.000000
107.000000
105.000000
100.000000
97.000000
90.000000
89.000000
84.000000
77.000000
75.000000
72.000000
71.000000
69.000000
66.000000
60.000000
59.000000
54.000000
51.000000
51.000000
49.000000
47.000000
45.000000
44.000000
43.000000
41.000000
38.000000
37.000000
36.000000
34.000000
32.000000
30.000000
30.000000
28.000000
27.000000
26.000000
25.000000
24.000000
23.000000
23.000000
22.000000
20.000000
20.000000
19.000000
18.000000
18.000000
17.000000
17.000000
16.000000
15.000000
14.000000
13.000000
13.000000
12.000000
12.000000
12.000000
11.000000
10.000000
10.000000
9.000000
8.000000
8.000000
7.000000
7.000000
7.000000
6.000000
6.000000
6.000000
5.000000
5.000000
4.000000
4.000000
4.000000
4.000000
4.000000
3.000000
3.000000
3.000000
3.000000
3.000000
3.000000
2.000000
2.000000
2.000000
2.000000
2.000000
1.000000
1.000000
1.000000
1.000000
1.000000
1.000000
1.000000
1.000000
0.000000
0.000000
0.000000
0.000000
0.000000
0.000000
0.000000
0.000000
0.000000
0.000000
0.000000
0.000000
0.000000
0.000000
0.000000
0.000000
0.000000
0.000000
0.000000
0.000000
0.000000
0.000000
0.000000
0.000000
0.000000
0.000000
0.000000
0.000000
0.000000
0.000000
0.000000
0.000000
0.000000
0.000000
0.000000
0.000000
0.000000
0.000000
0.000000
