18697.000000
12186.000000
7698.000000
5951.000000
5081.000000
4609.000000
3269.000000
2665.000000
2441.000000
1964.000000
1597.000000
1261.000000
1145.000000
1066.000000
857.000000
842.000000
803.000000
711.000000
632.000000
562.000000
530.000000
517.000000
471.000000
441.000000
416.000000
384.000000
353.000000
331.000000
302.000000
284.000000
269.000000
259.000000
244.000000
223.000000
212.000000
202.000000
193.000000
184.000000
170.000000
159.000000
151.000000
147.000000
138.000000
135.000000
127.000000
124.000000
118.000000
111.000000
101.000000
95.000000
92.000000
90.000000
86.000000
85.000000
79.000000
75.000000
74.000000
69.000000
67.000000
65.000000
59.000000
57.000000
55.000000
54.000000
51.000000
48.000000
46.000000
46.000000
43.000000
42.000000
41.000000
39.000000
36.000000
36.000000
33.000000
31.000000
30.000000
29.000000
28.000000
27.000000
26.000000
25.000000
24.000000
23.000000
22.000000
20.000000
20.000000
19.000000
19.000000
18.000000
17.000000
16.000000
15.000000
15.000000
13.000000
13.000000
12.000000
12.000000
12.000000
11.000000
11.000000
10.000000
10.000000
10.000000
9.000000
9.000000
8.000000
8.000000
7.000000
7.000000
6.000000
6.000000
6.000000
5.000000
5.000000
5.000000
4.000000
4.000000
4.000000
4.000000
4.000000
4.000000
3.000000
3.000000
3.000000
3.000000
2.000000
2.000000
2.000000
2.000000
2.000000
2.000000
1.000000
1.000000
1.000000
1.000000
1.000000
1.000000
1.000000
1.000000
1.000000
1.000000
1.000000
1.000000
0.000000
0.000000
0.000000
0.000000
0.000000
0.000000
0.000000
0.000000
0.000000
0.000000
0.000000
0.000000
0.000000
0.000000
0.000000
0.000000
0.000000
0.000000
0.000000
0.000000
0.000000
0.000000
0.000000
0.000000
0.000000
0.000000
0.000000
0.000000
0.000000
0.000000
0.000000
0.000000
0.000000
0.000000
0.000000
0.000000
0.000000
0.000000
0.000000
0.000000
0.000000
0.000000
0.000000
0.000000
0.000000
0.000000
0.000000
0.000000
0.000000
0.000000
0.000000
0.000000
