15999.000000
13467.000000
10532.000000
7783.000000
7011.000000
6235.000000
5332.000000
3920.000000
3535.000000
3188.000000
2819.000000
2752.000000
2067.000000
1918.000000
1767.000000
1632.000000
1498.000000
1364.000000
1273.000000
1147.000000
1118.000000
1076.000000
1022.000000
1007.000000
917.000000
846.000000
807.000000
788.000000
714.000000
658.000000
584.000000
581.000000
565.000000
548.000000
505.000000
484.000000
423.000000
403.000000
401.000000
365.000000
351.000000
328.000000
317.000000
304.000000
300.000000
292.000000
287.000000
257.000000
239.000000
227.000000
222.000000
212.000000
211.000000
197.000000
188.000000
183.000000
175.000000
173.000000
171.000000
163.000000
156.000000
149.000000
144.000000
138.000000
133.000000
124.000000
121.000000
116.000000
106.000000
102.000000
98.000000
96.000000
92.000000
87.000000
84.000000
82.000000
77.000000
75.000000
71.000000
70.000000
65.000000
63.000000
60.000000
57.000000
55.000000
53.000000
51.000000
48.000000
46.000000
45.000000
43.000000
42.000000
39.000000
36.000000
34.000000
33.000000
32.000000
32.000000
30.000000
29.000000
29.000000
27.000000
26.000000
26.000000
25.000000
25.000000
23.000000
21.000000
20.000000
20.000000
18.000000
17.000000
16.000000
15.000000
15.000000
15.000000
14.000000
14.000000
13.000000
13.000000
12.000000
11.000000
11.000000
10.000000
10.000000
9.000000
8.000000
8.000000
8.000000
7.000000
7.000000
7.000000
6.000000
6.000000
5.000000
5.000000
5.000000
5.000000
5.000000
4.000000
4.000000
4.000000
3.000000
3.000000
3.000000
2.000000
2.000000
2.000000
2.000000
2.000000
2.000000
2.000000
1.000000
1.000000
1.000000
1.000000
1.000000
0.000000
0.000000
0.000000
0.000000
0.000000
0.000000
0.000000
0.000000
0.000000
0.000000
0.000000
0.000000
0.000000
0.000000
0.000000
0.000000
0.000000
0.000000
0.000000
0.000000
0.000000
0.000000
0.000000
0.000000
0.000000
0.000000
0.000000
0.000000
0.000000
0.000000
0.000000
0.000000
0.000000
0.000000
0.000000
0.000000
0.000000
0.000000
0.000000
