15051.000000
10062.000000
8827.000000
7300.000000
5855.000000
5527.000000
4391.000000
4237.000000
3362.000000
3338.000000
2652.000000
2532.000000
2368.000000
2036.000000
1751.000000
1710.000000
1641.000000
1430.000000
1383.000000
1361.000000
1114.000000
1063.000000
973.000000
918.000000
849.000000
831.000000
776.000000
752.000000
735.000000
686.000000
679.000000
656.000000
589.000000
569.000000
548.000000
513.000000
460.000000
456.000000
422.000000
413.000000
397.000000
358.000000
344.000000
336.000000
324.000000
305.000000
287.000000
280.000000
269.000000
258.000000
243.000000
237.000000
230.000000
220.000000
215.000000
206.000000
194.000000
184.000000
175.000000
168.000000
164.000000
161.000000
145.000000
141.000000
135.000000
131.000000
130.000000
124.000000
121.000000
115.000000
113.000000
107.000000
104.000000
99.000000
96.000000
91.000000
90.000000
86.000000
80.000000
79.000000
74.000000
72.000000
71.000000
66.000000
66.000000
60.000000
57.000000
54.000000
54.000000
51.000000
51.000000
48.000000
47.000000
46.000000
44.000000
41.000000
41.000000
39.000000
38.000000
37.000000
34.000000
33.000000
32.000000
30.000000
29.000000
28.000000
27.000000
26.000000
25.000000
23.000000
23.000000
22.000000
21.000000
20.000000
19.000000
18.000000
17.000000
16.000000
16.000000
16.000000
15.000000
14.000000
14.000000
13.000000
12.000000
12.000000
11.000000
10.000000
10.000000
9.000000
9.000000
9.000000
8.000000
8.000000
7.000000
7.000000
7.000000
6.000000
6.000000
6.000000
5.000000
5.000000
5.000000
4.000000
4.000000
4.000000
4.000000
3.000000
3.000000
3.000000
2.000000
2.000000
2.000000
2.000000
2.000000
1.000000
1.000000
1.000000
1.000000
1.000000
0.000000
0.000000
0.000000
0.000000
0.000000
0.000000
0.000000
0.000000
0.000000
0.000000
0.000000
0.000000
0.000000
0.000000
0.000000
0.000000
0.000000
0.000000
0.000000
0.000000
0.000000
0.000000
0.000000
0.000000
0.000000
0.000000
0.000000
0.000000
0.000000
0.000000
0.000000
0.000000
0.000000
0.000000
0.000000
0.000000
