17446.000000
13115.000000
12120.000000
9587.000000
6726.000000
3922.000000
3639.000000
2984.000000
2323.000000
1554.000000
1464.000000
1098.000000
1012.000000
891.000000
844.000000
760.000000
668.000000
651.000000
541.000000
486.000000
448.000000
422.000000
382.000000
365.000000
334.000000
317.000000
298.000000
257.000000
251.000000
229.000000
223.000000
197.000000
193.000000
188.000000
162.000000
149.000000
140.000000
136.000000
131.000000
121.000000
109.000000
103.000000
101.000000
95.000000
91.000000
87.000000
83.000000
77.000000
76.000000
70.000000
65.000000
60.000000
58.000000
57.000000
52.000000
50.000000
47.000000
46.000000
43.000000
40.000000
40.000000
36.000000
36.000000
33.000000
30.000000
29.000000
29.000000
27.000000
26.000000
24.000000
23.000000
22.000000
21.000000
20.000000
19.000000
19.000000
18.000000
17.000000
17.000000
16.000000
15.000000
14.000000
13.000000
12.000000
11.000000
11.000000
10.000000
10.000000
10.000000
9.000000
8.000000
8.000000
8.000000
7.000000
7.000000
7.000000
6.000000
6.000000
6.000000
5.000000
5.000000
5.000000
4.000000
4.000000
4.000000
4.000000
3.000000
3.000000
3.000000
3.000000
3.000000
2.000000
2.000000
2.000000
2.000000
2.000000
2.000000
2.000000
2.000000
2.000000
1.000000
1.000000
1.000000
1.000000
1.000000
1.000000
1.000000
1.000000
1.000000
0.000000
0.000000
0.000000
0.000000
0.000000
0.000000
0.000000
0.000000
0.000000
0.000000
0.000000
0.000000
0.000000
0.000000
0.000000
0.000000
0.000000
0.000000
0.000000
0.000000
0.000000
0.000000
0.000000
0.000000
0.000000
0.000000
0.000000
0.000000
0.000000
0.000000
0.000000
0.000000
0.000000
0.000000
0.000000
0.000000
0.000000
0.000000
0.000000
0.000000
0.000000
0.000000
0.000000
0.000000
0.000000
0.000000
0.000000
0.000000
0.000000
0.000000
0.000000
0.000000
0.000000
0.000000
0.000000
0.000000
0.000000
0.000000
0.000000
0.000000
0.000000
0.000000
0.000000
0.000000
0.000000
0.000000
0.000000
