14203.000000
13241.000000
11117.000000
8682.000000
7283.000000
5358.000000
5140.000000
3934.000000
3653.000000
3292.000000
2821.000000
2756.000000
2374.000000
2360.000000
2151.000000
1971.000000
1682.000000
1422.000000
1369.000000
1212.000000
1176.000000
1112.000000
1062.000000
943.000000
888.000000
844.000000
803.000000
683.000000
663.000000
611.000000
584.000000
510.000000
492.000000
483.000000
460.000000
433.000000
409.000000
396.000000
379.000000
365.000000
342.000000
335.000000
307.000000
304.000000
283.000000
261.000000
249.000000
244.000000
238.000000
229.000000
216.000000
212.000000
198.000000
192.000000
183.000000
176.000000
170.000000
164.000000
154.000000
143.000000
140.000000
137.000000
133.000000
126.000000
118.000000
112.000000
110.000000
107.000000
103.000000
102.000000
98.000000
95.000000
93.000000
88.000000
84.000000
81.000000
78.000000
78.000000
77.000000
73.000000
68.000000
65.000000
64.000000
61.000000
60.000000
57.000000
55.000000
51.000000
50.000000
49.000000
48.000000
45.000000
43.000000
40.000000
39.000000
37.000000
36.000000
35.000000
33.000000
31.000000
31.000000
29.000000
28.000000
27.000000
27.000000
26.000000
26.000000
23.000000
22.000000
21.000000
20.000000
19.000000
19.000000
18.000000
17.000000
17.000000
15.000000
14.000000
14.000000
13.000000
13.000000
13.000000
12.000000
11.000000
11.000000
10.000000
10.000000
9.000000
9.000000
8.000000
8.000000
8.000000
7.000000
7.000000
6.000000
6.000000
6.000000
5.000000
5.000000
4.000000
4.000000
4.000000
4.000000
4.000000
4.000000
3.000000
3.000000
3.000000
2.000000
2.000000
2.000000
2.000000
2.000000
1.000000
1.000000
1.000000
1.000000
1.000000
1.000000
0.000000
0.000000
0.000000
0.000000
0.000000
0.000000
0.000000
0.000000
0.000000
0.000000
0.000000
0.000000
0.000000
0.000000
0.000000
0.000000
0.000000
0.000000
0.000000
0.000000
0.000000
0.000000
0.000000
0.000000
0.000000
0.000000
0.000000
0.000000
0.000000
0.000000
0.000000
0.000000
0.000000
0.000000
0.000000
0.000000
0.000000
