19004.000000
9535.000000
8286.000000
6419.000000
5244.000000
4742.000000
4004.000000
3695.000000
2951.000000
2515.000000
2318.000000
1936.000000
1806.000000
1543.000000
1499.000000
1296.000000
1269.000000
1210.000000
1140.000000
966.000000
864.000000
786.000000
728.000000
652.000000
621.000000
593.000000
576.000000
535.000000
502.000000
469.000000
439.000000
430.000000
404.000000
372.000000
359.000000
353.000000
327.000000
305.000000
301.000000
292.000000
284.000000
264.000000
239.000000
236.000000
224.000000
215.000000
209.000000
195.000000
188.000000
182.000000
174.000000
170.000000
158.000000
150.000000
149.000000
145.000000
139.000000
136.000000
135.000000
129.000000
120.000000
116.000000
111.000000
110.000000
105.000000
101.000000
98.000000
92.000000
89.000000
86.000000
85.000000
78.000000
75.000000
73.000000
70.000000
68.000000
67.000000
62.000000
61.000000
60.000000
58.000000
55.000000
54.000000
51.000000
49.000000
47.000000
47.000000
45.000000
44.000000
43.000000
42.000000
40.000000
38.000000
35.000000
34.000000
32.000000
32.000000
30.000000
29.000000
29.000000
27.000000
26.000000
25.000000
24.000000
24.000000
22.000000
21.000000
20.000000
20.000000
19.000000
18.000000
17.000000
16.000000
16.000000
15.000000
13.000000
13.000000
12.000000
12.000000
12.000000
11.000000
11.000000
10.000000
10.000000
9.000000
8.000000
8.000000
8.000000
7.000000
7.000000
6.000000
6.000000
6.000000
5.000000
5.000000
5.000000
5.000000
5.000000
4.000000
4.000000
4.000000
4.000000
4.000000
3.000000
3.000000
3.000000
2.000000
2.000000
2.000000
2.000000
1.000000
1.000000
1.000000
1.000000
1.000000
1.000000
1.000000
0.000000
0.000000
0.000000
0.000000
0.000000
0.000000
0.000000
0.000000
0.000000
0.000000
0.000000
0.000000
0.000000
0.000000
0.000000
0.000000
0.000000
0.000000
0.000000
0.000000
0.000000
0.000000
0.000000
0.000000
0.000000
0.000000
0.000000
0.000000
0.000000
0.000000
0.000000
0.000000
0.000000
0.000000
0.000000
0.000000
0.000000
0.000000
0.000000
