14946.000000
6192.000000
4888.000000
4011.000000
1998.000000
1761.000000
1461.000000
1238.000000
1015.000000
700.000000
634.000000
573.000000
418.000000
377.000000
334.000000
329.000000
309.000000
282.000000
244.000000
225.000000
196.000000
190.000000
181.000000
158.000000
153.000000
140.000000
128.000000
122.000000
103.000000
99.000000
98.000000
93.000000
84.000000
80.000000
76.000000
70.000000
68.000000
64.000000
61.000000
57.000000
54.000000
52.000000
48.000000
44.000000
41.000000
39.000000
38.000000
37.000000
34.000000
30.000000
30.000000
28.000000
26.000000
25.000000
24.000000
24.000000
22.000000
22.000000
20.000000
19.000000
18.000000
17.000000
16.000000
15.000000
15.000000
14.000000
13.000000
12.000000
12.000000
10.000000
10.000000
10.000000
9.000000
9.000000
8.000000
8.000000
7.000000
7.000000
7.000000
6.000000
6.000000
5.000000
5.000000
5.000000
4.000000
4.000000
4.000000
4.000000
3.000000
3.000000
3.000000
3.000000
3.000000
2.000000
2.000000
2.000000
2.000000
2.000000
2.000000
1.000000
1.000000
1.000000
1.000000
1.000000
1.000000
1.000000
1.000000
1.000000
1.000000
0.000000
0.000000
0.000000
0.000000
0.000000
0.000000
0.000000
0.000000
0.000000
0.000000
0.000000
0.000000
0.000000
0.000000
0.000000
0.000000
0.000000
0.000000
0.000000
0.000000
0.000000
0.000000
0.000000
0.000000
0.000000
0.000000
0.000000
0.000000
0.000000
0.000000
0.000000
0.000000
0.000000
0.000000
0.000000
0.000000
0.000000
0.000000
0.000000
0.000000
0.000000
0.000000
0.000000
0.000000
0.000000
0.000000
0.000000
0.000000
0.000000
0.000000
0.000000
0.000000
0.000000
0.000000
0.000000
0.000000
0.000000
0.000000
0.000000
0.000000
0.000000
0.000000
0.000000
0.000000
0.000000
0.000000
0.000000
0.000000
0.000000
0.000000
0.000000
0.000000
0.000000
0.000000
0.000000
0.000000
0.000000
0.000000
0.000000
0.000000
0.000000
0.000000
0.000000
0.000000
0.000000
0.000000
0.000000
