25561.000000
17316.000000
13676.000000
7221.000000
6000.000000
4160.000000
3730.000000
3131.000000
2984.000000
1980.000000
1929.000000
1542.000000
1362.000000
1229.000000
1133.000000
1046.000000
907.000000
868.000000
838.000000
698.000000
624.000000
601.000000
537.000000
498.000000
481.000000
418.000000
416.000000
398.000000
376.000000
354.000000
341.000000
321.000000
296.000000
262.000000
251.000000
242.000000
220.000000
214.000000
191.000000
183.000000
177.000000
167.000000
159.000000
155.000000
150.000000
139.000000
133.000000
119.000000
114.000000
112.000000
109.000000
102.000000
97.000000
93.000000
90.000000
84.000000
80.000000
79.000000
72.000000
71.000000
70.000000
67.000000
64.000000
60.000000
59.000000
56.000000
52.000000
49.000000
48.000000
47.000000
43.000000
43.000000
40.000000
38.000000
37.000000
33.000000
33.000000
31.000000
31.000000
30.000000
28.000000
27.000000
27.000000
25.000000
24.000000
24.000000
22.000000
21.000000
20.000000
19.000000
18.000000
18.000000
17.000000
16.000000
15.000000
15.000000
14.000000
14.000000
13.000000
12.000000
12.000000
11.000000
11.000000
10.000000
10.000000
9.000000
9.000000
8.000000
8.000000
8.000000
7.000000
7.000000
6.000000
6.000000
6.000000
6.000000
5.000000
5.000000
5.000000
5.000000
5.000000
4.000000
4.000000
4.000000
3.000000
3.000000
3.000000
3.000000
3.000000
3.000000
2.000000
2.000000
2.000000
2.000000
2.000000
2.000000
2.000000
1.000000
1.000000
1.000000
1.000000
1.000000
1.000000
1.000000
1.000000
1.000000
1.000000
1.000000
0.000000
0.000000
0.000000
0.000000
0.000000
0.000000
0.000000
0.000000
0.000000
0.000000
0.000000
0.000000
0.000000
0.000000
0.000000
0.000000
0.000000
0.000000
0.000000
0.000000
0.000000
0.000000
0.000000
0.000000
0.000000
0.000000
0.000000
0.000000
0.000000
0.000000
0.000000
0.000000
0.000000
0.000000
0.000000
0.000000
0.000000
0.000000
0.000000
0.000000
0.000000
0.000000
0.000000
0.000000
0.000000
0.000000
0.000000
0.000000
