21589.000000
17892.000000
14410.518046
11487.000000
5265.000000
3208.000000
2999.000000
2450.000000
2235.000000
2014.000000
1609.000000
1370.000000
1207.000000
1019.000000
925.000000
880.000000
825.000000
704.000000
564.000000
523.000000
464.000000
414.000000
369.000000
331.000000
320.000000
311.000000
267.000000
253.000000
229.000000
208.000000
201.000000
193.000000
166.000000
159.000000
155.000000
135.000000
127.000000
124.000000
116.000000
106.000000
103.000000
92.000000
90.000000
86.000000
79.000000
75.000000
72.000000
69.000000
66.000000
62.000000
59.000000
56.000000
52.000000
50.000000
47.000000
44.000000
43.000000
38.000000
36.000000
35.000000
34.000000
33.000000
31.000000
30.000000
29.000000
26.000000
24.000000
24.000000
23.000000
22.000000
21.000000
19.000000
17.000000
17.000000
16.000000
15.000000
15.000000
14.000000
13.000000
12.000000
11.000000
11.000000
11.000000
10.000000
9.000000
9.000000
8.000000
8.000000
8.000000
7.000000
7.000000
6.000000
6.000000
6.000000
5.000000
5.000000
5.000000
4.000000
4.000000
4.000000
4.000000
3.000000
3.000000
3.000000
3.000000
3.000000
2.000000
2.000000
2.000000
2.000000
2.000000
2.000000
2.000000
1.000000
1.000000
1.000000
1.000000
1.000000
1.000000
1.000000
1.000000
1.000000
1.000000
0.000000
0.000000
0.000000
0.000000
0.000000
0.000000
0.000000
0.000000
0.000000
0.000000
0.000000
0.000000
0.000000
0.000000
0.000000
0.000000
0.000000
0.000000
0.000000
0.000000
0.000000
0.000000
0.000000
0.000000
0.000000
0.000000
0.000000
0.000000
0.000000
0.000000
0.000000
0.000000
0.000000
0.000000
0.000000
0.000000
0.000000
0.000000
0.000000
0.000000
0.000000
0.000000
0.000000
0.000000
0.000000
0.000000
0.000000
0.000000
0.000000
0.000000
0.000000
0.000000
0.000000
0.000000
0.000000
0.000000
0.000000
0.000000
0.000000
0.000000
0.000000
0.000000
0.000000
0.000000
0.000000
0.000000
0.000000
0.000000
0.000000
0.000000
0.000000
0.000000
0.000000
