32979.065074
19029.000000
9750.000000
7948.000000
4257.000000
3129.000000
2150.000000
1797.000000
1397.000000
1138.000000
904.000000
772.000000
702.000000
671.000000
595.000000
545.000000
541.000000
449.000000
426.000000
378.000000
357.000000
291.000000
286.000000
261.000000
256.000000
225.000000
208.000000
200.000000
195.000000
167.000000
156.000000
150.000000
126.000000
121.000000
114.000000
107.000000
104.000000
94.000000
92.000000
85.000000
80.000000
79.000000
72.000000
69.000000
66.000000
61.000000
57.000000
55.000000
51.000000
49.000000
42.000000
39.000000
37.000000
36.000000
34.000000
33.000000
30.000000
28.000000
27.000000
24.000000
23.000000
22.000000
20.000000
19.000000
18.000000
18.000000
17.000000
15.000000
14.000000
13.000000
12.000000
11.000000
10.000000
10.000000
9.000000
9.000000
8.000000
8.000000
7.000000
6.000000
6.000000
6.000000
6.000000
5.000000
5.000000
5.000000
4.000000
4.000000
4.000000
3.000000
3.000000
3.000000
3.000000
3.000000
2.000000
2.000000
2.000000
2.000000
2.000000
2.000000
1.000000
1.000000
1.000000
1.000000
1.000000
1.000000
1.000000
1.000000
1.000000
1.000000
1.000000
0.000000
0.000000
0.000000
0.000000
0.000000
0.000000
0.000000
0.000000
0.000000
0.000000
0.000000
0.000000
0.000000
0.000000
0.000000
0.000000
0.000000
0.000000
0.000000
0.000000
0.000000
0.000000
0.000000
0.000000
0.000000
0.000000
0.000000
0.000000
0.000000
0.000000
0.000000
0.000000
0.000000
0.000000
0.000000
0.000000
0.000000
0.000000
0.000000
0.000000
0.000000
0.000000
0.000000
0.000000
0.000000
0.000000
0.000000
0.000000
0.000000
0.000000
0.000000
0.000000
0.000000
0.000000
0.000000
0.000000
0.000000
0.000000
0.000000
0.000000
0.000000
0.000000
0.000000
0.000000
0.000000
0.000000
0.000000
0.000000
0.000000
0.000000
0.000000
0.000000
0.000000
0.000000
0.000000
0.000000
0.000000
0.000000
0.000000
0.000000
0.000000
0.000000
0.000000
0.000000
0.000000
