17017.000000
9898.000000
8587.000000
7841.000000
5969.000000
4299.000000
3863.000000
3029.000000
2868.000000
2686.000000
2410.000000
2003.000000
1742.000000
1707.000000
1454.000000
1366.000000
1215.000000
1185.000000
998.000000
958.000000
856.000000
779.000000
718.000000
698.000000
626.000000
623.000000
607.000000
534.000000
500.000000
458.000000
440.000000
406.000000
375.000000
367.000000
339.000000
328.000000
320.000000
302.000000
273.000000
266.000000
243.000000
239.000000
235.000000
229.000000
217.000000
205.000000
193.000000
189.000000
184.000000
170.000000
165.000000
157.000000
147.000000
144.000000
139.000000
133.000000
125.000000
118.000000
116.000000
111.000000
106.000000
100.000000
95.000000
93.000000
88.000000
87.000000
85.000000
79.000000
74.000000
72.000000
70.000000
67.000000
64.000000
61.000000
61.000000
58.000000
56.000000
53.000000
51.000000
48.000000
47.000000
42.000000
41.000000
39.000000
39.000000
37.000000
35.000000
34.000000
33.000000
32.000000
30.000000
28.000000
28.000000
26.000000
25.000000
24.000000
23.000000
22.000000
21.000000
20.000000
19.000000
17.000000
17.000000
16.000000
15.000000
15.000000
14.000000
13.000000
13.000000
12.000000
12.000000
11.000000
11.000000
10.000000
10.000000
9.000000
9.000000
8.000000
8.000000
7.000000
7.000000
6.000000
6.000000
6.000000
6.000000
5.000000
5.000000
5.000000
4.000000
4.000000
4.000000
4.000000
3.000000
3.000000
3.000000
3.000000
2.000000
2.000000
2.000000
2.000000
2.000000
2.000000
2.000000
1.000000
1.000000
1.000000
1.000000
1.000000
1.000000
1.000000
1.000000
0.000000
0.000000
0.000000
0.000000
0.000000
0.000000
0.000000
0.000000
0.000000
0.000000
0.000000
0.000000
0.000000
0.000000
0.000000
0.000000
0.000000
0.000000
0.000000
0.000000
0.000000
0.000000
0.000000
0.000000
0.000000
0.000000
0.000000
0.000000
0.000000
0.000000
0.000000
0.000000
0.000000
0.000000
0.000000
0.000000
0.000000
0.000000
0.000000
0.000000
0.000000
0.000000
0.000000
0.000000
0.000000
