14076.000000
7709.000000
6158.000000
5299.000000
4859.000000
4211.000000
3551.000000
3173.000000
2747.000000
2373.000000
2238.000000
1794.000000
1610.000000
1546.000000
1343.000000
1239.000000
1133.000000
1076.000000
1041.000000
880.000000
788.000000
763.000000
724.000000
636.000000
623.000000
598.000000
559.000000
530.000000
493.000000
490.000000
443.000000
409.000000
397.000000
369.000000
348.000000
314.000000
291.000000
274.000000
264.000000
244.000000
234.000000
221.000000
208.000000
201.000000
197.000000
185.000000
174.000000
169.000000
157.000000
154.000000
151.000000
133.000000
127.000000
120.000000
115.000000
112.000000
107.000000
102.000000
98.000000
94.000000
91.000000
87.000000
79.000000
77.000000
76.000000
72.000000
69.000000
65.000000
63.000000
61.000000
58.000000
56.000000
53.000000
50.000000
46.000000
43.000000
42.000000
40.000000
38.000000
37.000000
36.000000
34.000000
33.000000
33.000000
31.000000
28.000000
28.000000
27.000000
26.000000
24.000000
23.000000
22.000000
21.000000
20.000000
19.000000
18.000000
17.000000
17.000000
15.000000
15.000000
14.000000
13.000000
12.000000
12.000000
11.000000
11.000000
10.000000
10.000000
9.000000
9.000000
8.000000
8.000000
8.000000
7.000000
7.000000
7.000000
6.000000
5.000000
5.000000
5.000000
4.000000
4.000000
4.000000
4.000000
4.000000
3.000000
3.000000
3.000000
3.000000
3.000000
2.000000
2.000000
2.000000
2.000000
2.000000
2.000000
1.000000
1.000000
1.000000
1.000000
1.000000
1.000000
1.000000
1.000000
0.000000
0.000000
0.000000
0.000000
0.000000
0.000000
0.000000
0.000000
0.000000
0.000000
0.000000
0.000000
0.000000
0.000000
0.000000
0.000000
0.000000
0.000000
0.000000
0.000000
0.000000
0.000000
0.000000
0.000000
0.000000
0.000000
0.000000
0.000000
0.000000
0.000000
0.000000
0.000000
0.000000
0.000000
0.000000
0.000000
0.000000
0.000000
0.000000
0.000000
0.000000
0.000000
0.000000
0.000000
0.000000
0.000000
0.000000
0.000000
0.000000
0.000000
0.000000
0.000000
