24033.000000
17002.000000
8626.000000
6721.000000
5673.000000
4992.000000
4323.000000
3455.000000
3120.000000
2594.000000
2428.000000
2118.000000
1653.000000
1494.000000
1419.000000
1269.000000
1148.000000
1036.000000
971.000000
849.000000
833.000000
722.000000
667.000000
610.000000
568.000000
545.000000
536.000000
494.000000
451.000000
419.000000
377.000000
366.000000
345.000000
299.000000
277.000000
274.000000
258.000000
249.000000
227.000000
216.000000
211.000000
188.000000
180.000000
174.000000
167.000000
163.000000
161.000000
152.000000
150.000000
135.000000
132.000000
125.000000
119.000000
115.000000
109.000000
108.000000
99.000000
91.000000
89.000000
86.000000
81.000000
78.000000
75.000000
72.000000
72.000000
68.000000
63.000000
61.000000
58.000000
56.000000
53.000000
51.000000
51.000000
45.000000
43.000000
43.000000
41.000000
40.000000
38.000000
36.000000
34.000000
33.000000
32.000000
30.000000
30.000000
28.000000
27.000000
26.000000
25.000000
25.000000
24.000000
22.000000
21.000000
21.000000
19.000000
18.000000
18.000000
17.000000
16.000000
16.000000
15.000000
15.000000
14.000000
14.000000
12.000000
12.000000
12.000000
11.000000
11.000000
10.000000
10.000000
10.000000
8.000000
8.000000
8.000000
7.000000
7.000000
7.000000
6.000000
6.000000
6.000000
5.000000
5.000000
5.000000
5.000000
4.000000
4.000000
4.000000
4.000000
3.000000
3.000000
3.000000
2.000000
2.000000
2.000000
2.000000
2.000000
2.000000
2.000000
2.000000
1.000000
1.000000
1.000000
1.000000
1.000000
1.000000
1.000000
1.000000
1.000000
0.000000
0.000000
0.000000
0.000000
0.000000
0.000000
0.000000
0.000000
0.000000
0.000000
0.000000
0.000000
0.000000
0.000000
0.000000
0.000000
0.000000
0.000000
0.000000
0.000000
0.000000
0.000000
0.000000
0.000000
0.000000
0.000000
0.000000
0.000000
0.000000
0.000000
0.000000
0.000000
0.000000
0.000000
0.000000
0.000000
0.000000
0.000000
0.000000
0.000000
0.000000
0.000000
0.000000
0.000000
0.000000
0.000000
0.000000
