21594.000000
12461.000000
7954.000000
5037.000000
3902.000000
3619.000000
3161.000000
2441.000000
1787.000000
1555.000000
1491.000000
1308.000000
1162.000000
1047.000000
977.000000
904.000000
687.000000
636.000000
593.000000
564.000000
543.000000
506.000000
469.000000
465.000000
405.000000
365.000000
350.000000
317.000000
300.000000
289.000000
260.000000
256.000000
225.000000
215.000000
208.000000
204.000000
199.000000
182.000000
174.000000
163.000000
158.000000
153.000000
138.000000
137.000000
134.000000
123.000000
116.000000
111.000000
109.000000
100.000000
99.000000
93.000000
90.000000
86.000000
82.000000
81.000000
74.000000
71.000000
69.000000
65.000000
63.000000
61.000000
59.000000
55.000000
54.000000
51.000000
50.000000
48.000000
44.000000
42.000000
40.000000
38.000000
38.000000
36.000000
35.000000
32.000000
32.000000
30.000000
28.000000
28.000000
26.000000
25.000000
24.000000
23.000000
21.000000
21.000000
20.000000
19.000000
19.000000
18.000000
18.000000
16.000000
15.000000
15.000000
14.000000
14.000000
14.000000
13.000000
11.000000
11.000000
11.000000
10.000000
9.000000
9.000000
9.000000
9.000000
8.000000
8.000000
8.000000
6.000000
6.000000
6.000000
6.000000
5.000000
5.000000
5.000000
5.000000
4.000000
4.000000
4.000000
4.000000
3.000000
3.000000
3.000000
3.000000
3.000000
2.000000
2.000000
2.000000
2.000000
2.000000
2.000000
1.000000
1.000000
1.000000
1.000000
1.000000
1.000000
1.000000
1.000000
1.000000
1.000000
1.000000
0.000000
0.000000
0.000000
0.000000
0.000000
0.000000
0.000000
0.000000
0.000000
0.000000
0.000000
0.000000
0.000000
0.000000
0.000000
0.000000
0.000000
0.000000
0.000000
0.000000
0.000000
0.000000
0.000000
0.000000
0.000000
0.000000
0.000000
0.000000
0.000000
0.000000
0.000000
0.000000
0.000000
0.000000
0.000000
0.000000
0.000000
0.000000
0.000000
0.000000
0.000000
0.000000
0.000000
0.000000
0.000000
0.000000
0.000000
0.000000
0.000000
0.000000
0.000000
0.000000
0.000000
