22794.000000
21100.000000
8662.000000
8202.000000
6839.000000
5308.000000
4342.000000
3700.000000
3012.000000
2909.000000
2467.000000
2291.000000
2018.000000
1851.000000
1412.000000
1255.000000
1230.000000
1134.000000
1032.000000
965.000000
833.000000
784.000000
731.000000
699.000000
636.000000
628.000000
579.000000
561.000000
511.000000
467.000000
444.000000
430.000000
399.000000
369.000000
360.000000
348.000000
309.000000
294.000000
275.000000
247.000000
236.000000
232.000000
225.000000
215.000000
209.000000
192.000000
186.000000
175.000000
163.000000
160.000000
154.000000
146.000000
145.000000
136.000000
124.000000
121.000000
117.000000
116.000000
109.000000
108.000000
100.000000
96.000000
90.000000
87.000000
83.000000
79.000000
78.000000
73.000000
70.000000
67.000000
65.000000
62.000000
56.000000
55.000000
53.000000
50.000000
47.000000
46.000000
44.000000
43.000000
41.000000
40.000000
39.000000
37.000000
37.000000
36.000000
33.000000
32.000000
31.000000
29.000000
28.000000
27.000000
25.000000
24.000000
23.000000
23.000000
23.000000
22.000000
21.000000
20.000000
20.000000
19.000000
17.000000
16.000000
15.000000
15.000000
14.000000
14.000000
13.000000
12.000000
12.000000
11.000000
11.000000
11.000000
10.000000
9.000000
9.000000
8.000000
8.000000
7.000000
7.000000
7.000000
7.000000
6.000000
6.000000
5.000000
5.000000
5.000000
5.000000
5.000000
5.000000
4.000000
4.000000
3.000000
3.000000
3.000000
3.000000
3.000000
3.000000
2.000000
2.000000
2.000000
2.000000
2.000000
2.000000
2.000000
2.000000
1.000000
1.000000
1.000000
1.000000
1.000000
1.000000
1.000000
0.000000
0.000000
0.000000
0.000000
0.000000
0.000000
0.000000
0.000000
0.000000
0.000000
0.000000
0.000000
0.000000
0.000000
0.000000
0.000000
0.000000
0.000000
0.000000
0.000000
0.000000
0.000000
0.000000
0.000000
0.000000
0.000000
0.000000
0.000000
0.000000
0.000000
0.000000
0.000000
0.000000
0.000000
0.000000
0.000000
0.000000
0.000000
0.000000
0.000000
0.000000
0.000000
