28211.000000
15569.000000
7973.000000
5757.000000
4851.000000
4360.000000
3034.000000
2357.000000
1415.000000
1292.000000
1164.000000
1095.000000
994.000000
727.000000
686.000000
612.000000
561.000000
531.000000
522.000000
439.000000
399.000000
363.000000
341.000000
305.000000
292.000000
271.000000
242.000000
230.000000
208.000000
197.000000
178.000000
167.000000
161.000000
157.000000
152.000000
141.000000
133.000000
120.000000
110.000000
105.000000
103.000000
101.000000
95.000000
87.000000
82.000000
78.000000
74.000000
72.000000
70.000000
65.000000
61.000000
60.000000
59.000000
52.000000
51.000000
45.000000
41.000000
40.000000
39.000000
38.000000
36.000000
35.000000
34.000000
32.000000
30.000000
29.000000
27.000000
25.000000
25.000000
23.000000
23.000000
21.000000
19.000000
18.000000
17.000000
17.000000
16.000000
15.000000
14.000000
14.000000
13.000000
13.000000
12.000000
11.000000
11.000000
11.000000
10.000000
9.000000
9.000000
8.000000
8.000000
7.000000
7.000000
7.000000
7.000000
6.000000
5.000000
5.000000
5.000000
4.000000
4.000000
4.000000
4.000000
4.000000
4.000000
4.000000
3.000000
3.000000
3.000000
3.000000
3.000000
2.000000
2.000000
2.000000
2.000000
2.000000
1.000000
1.000000
1.000000
1.000000
1.000000
1.000000
1.000000
1.000000
1.000000
1.000000
1.000000
0.000000
0.000000
0.000000
0.000000
0.000000
0.000000
0.000000
0.000000
0.000000
0.000000
0.000000
0.000000
0.000000
0.000000
0.000000
0.000000
0.000000
0.000000
0.000000
0.000000
0.000000
0.000000
0.000000
0.000000
0.000000
0.000000
0.000000
0.000000
0.000000
0.000000
0.000000
0.000000
0.000000
0.000000
0.000000
0.000000
0.000000
0.000000
0.000000
0.000000
0.000000
0.000000
0.000000
0.000000
0.000000
0.000000
0.000000
0.000000
0.000000
0.000000
0.000000
0.000000
0.000000
0.000000
0.000000
0.000000
0.000000
0.000000
0.000000
0.000000
0.000000
0.000000
0.000000
0.000000
0.000000
0.000000
0.000000
0.000000
0.000000
