23691.000000
19604.000000
8386.000000
6210.000000
5491.000000
5183.000000
3183.000000
3023.000000
2402.000000
2289.000000
1960.000000
1741.000000
1487.000000
1432.000000
1321.000000
1163.000000
1051.000000
1000.000000
797.000000
777.000000
723.000000
692.000000
665.000000
623.000000
518.000000
494.000000
452.000000
446.000000
373.000000
339.000000
338.000000
311.000000
299.000000
288.000000
267.000000
261.000000
241.000000
222.000000
201.000000
194.000000
189.000000
182.000000
171.000000
162.000000
153.000000
145.000000
140.000000
129.000000
124.000000
115.000000
108.000000
103.000000
101.000000
95.000000
94.000000
86.000000
84.000000
81.000000
78.000000
74.000000
71.000000
66.000000
62.000000
60.000000
58.000000
55.000000
54.000000
51.000000
50.000000
49.000000
47.000000
43.000000
42.000000
40.000000
38.000000
37.000000
36.000000
34.000000
32.000000
31.000000
29.000000
27.000000
26.000000
25.000000
24.000000
23.000000
22.000000
20.000000
19.000000
19.000000
19.000000
18.000000
17.000000
16.000000
15.000000
15.000000
14.000000
14.000000
13.000000
12.000000
11.000000
11.000000
10.000000
10.000000
10.000000
9.000000
8.000000
8.000000
7.000000
7.000000
7.000000
6.000000
6.000000
5.000000
5.000000
5.000000
5.000000
4.000000
4.000000
4.000000
4.000000
3.000000
3.000000
3.000000
3.000000
2.000000
2.000000
2.000000
2.000000
2.000000
2.000000
2.000000
2.000000
2.000000
1.000000
1.000000
1.000000
1.000000
1.000000
1.000000
1.000000
1.000000
1.000000
1.000000
0.000000
0.000000
0.000000
0.000000
0.000000
0.000000
0.000000
0.000000
0.000000
0.000000
0.000000
0.000000
0.000000
0.000000
0.000000
0.000000
0.000000
0.000000
0.000000
0.000000
0.000000
0.000000
0.000000
0.000000
0.000000
0.000000
0.000000
0.000000
0.000000
0.000000
0.000000
0.000000
0.000000
0.000000
0.000000
0.000000
0.000000
0.000000
0.000000
0.000000
0.000000
0.000000
0.000000
0.000000
0.000000
0.000000
0.000000
0.000000
0.000000
0.000000
0.000000
0.000000
