13806.000000
10771.000000
9079.000000
7318.000000
6123.000000
5138.000000
4734.000000
4347.000000
3721.000000
3371.000000
3035.000000
2672.000000
2317.000000
2026.000000
1781.000000
1534.000000
1347.000000
1339.000000
1223.000000
1058.000000
975.000000
912.000000
900.000000
866.000000
780.000000
738.000000
654.000000
590.000000
577.000000
561.000000
501.000000
467.000000
442.000000
402.000000
395.000000
388.000000
363.000000
331.000000
309.000000
283.000000
264.000000
262.000000
239.000000
235.000000
220.000000
214.000000
198.000000
196.000000
183.000000
169.000000
168.000000
166.000000
154.000000
150.000000
142.000000
134.000000
134.000000
124.000000
119.000000
114.000000
105.000000
100.000000
98.000000
90.000000
87.000000
83.000000
81.000000
79.000000
75.000000
70.000000
68.000000
67.000000
63.000000
63.000000
56.000000
55.000000
51.000000
49.000000
48.000000
46.000000
44.000000
42.000000
41.000000
39.000000
37.000000
36.000000
31.000000
31.000000
30.000000
29.000000
29.000000
27.000000
26.000000
25.000000
24.000000
21.000000
19.000000
19.000000
18.000000
18.000000
17.000000
16.000000
15.000000
15.000000
14.000000
13.000000
13.000000
12.000000
12.000000
11.000000
11.000000
10.000000
10.000000
9.000000
9.000000
8.000000
8.000000
8.000000
7.000000
7.000000
6.000000
6.000000
6.000000
6.000000
5.000000
5.000000
5.000000
5.000000
4.000000
4.000000
4.000000
3.000000
3.000000
3.000000
3.000000
2.000000
2.000000
2.000000
2.000000
2.000000
2.000000
2.000000
2.000000
1.000000
1.000000
1.000000
1.000000
1.000000
1.000000
1.000000
0.000000
0.000000
0.000000
0.000000
0.000000
0.000000
0.000000
0.000000
0.000000
0.000000
0.000000
0.000000
0.000000
0.000000
0.000000
0.000000
0.000000
0.000000
0.000000
0.000000
0.000000
0.000000
0.000000
0.000000
0.000000
0.000000
0.000000
0.000000
0.000000
0.000000
0.000000
0.000000
0.000000
0.000000
0.000000
0.000000
0.000000
0.000000
0.000000
0.000000
0.000000
0.000000
0.000000
0.000000
0.000000
0.000000
