19433.000000
10079.000000
8347.000000
6672.000000
5435.000000
3957.000000
3948.000000
3529.000000
3138.000000
2576.000000
2366.000000
2203.000000
2104.000000
1849.000000
1619.000000
1491.000000
1349.000000
1197.000000
1107.000000
1034.000000
1010.000000
846.000000
788.000000
717.000000
684.000000
673.000000
621.000000
563.000000
536.000000
521.000000
485.000000
464.000000
454.000000
418.000000
374.000000
339.000000
336.000000
328.000000
318.000000
312.000000
305.000000
278.000000
260.000000
253.000000
249.000000
229.000000
225.000000
222.000000
200.000000
199.000000
179.000000
178.000000
174.000000
169.000000
165.000000
153.000000
146.000000
144.000000
134.000000
126.000000
119.000000
117.000000
113.000000
111.000000
108.000000
105.000000
99.000000
93.000000
92.000000
87.000000
82.000000
80.000000
75.000000
72.000000
70.000000
67.000000
64.000000
63.000000
60.000000
59.000000
56.000000
52.000000
52.000000
49.000000
47.000000
45.000000
43.000000
40.000000
38.000000
37.000000
34.000000
33.000000
32.000000
30.000000
29.000000
28.000000
27.000000
25.000000
25.000000
24.000000
23.000000
22.000000
21.000000
20.000000
20.000000
19.000000
19.000000
17.000000
16.000000
16.000000
15.000000
14.000000
14.000000
12.000000
12.000000
12.000000
11.000000
11.000000
11.000000
10.000000
9.000000
9.000000
8.000000
8.000000
8.000000
7.000000
7.000000
7.000000
6.000000
6.000000
6.000000
5.000000
5.000000
5.000000
4.000000
4.000000
4.000000
3.000000
3.000000
3.000000
3.000000
3.000000
2.000000
2.000000
2.000000
2.000000
2.000000
1.000000
1.000000
1.000000
1.000000
1.000000
1.000000
0.000000
0.000000
0.000000
0.000000
0.000000
0.000000
0.000000
0.000000
0.000000
0.000000
0.000000
0.000000
0.000000
0.000000
0.000000
0.000000
0.000000
0.000000
0.000000
0.000000
0.000000
0.000000
0.000000
0.000000
0.000000
0.000000
0.000000
0.000000
0.000000
0.000000
0.000000
0.000000
0.000000
0.000000
0.000000
0.000000
0.000000
0.000000
0.000000
0.000000
0.000000
0.000000
0.000000
