15433.000000
11065.000000
7008.000000
6367.000000
5747.000000
5015.000000
4271.000000
3724.000000
3199.000000
2572.000000
2343.000000
2141.000000
1938.000000
1812.000000
1389.000000
1347.000000
1249.000000
1146.000000
1126.000000
944.000000
844.000000
799.000000
741.000000
712.000000
675.000000
638.000000
623.000000
568.000000
512.000000
502.000000
467.000000
453.000000
419.000000
398.000000
382.000000
359.000000
337.000000
320.000000
307.000000
284.000000
279.000000
260.000000
238.000000
230.000000
215.000000
213.000000
204.000000
191.000000
173.000000
169.000000
164.000000
159.000000
147.000000
142.000000
135.000000
128.000000
124.000000
115.000000
112.000000
111.000000
108.000000
106.000000
98.000000
96.000000
91.000000
86.000000
82.000000
79.000000
74.000000
73.000000
71.000000
68.000000
66.000000
65.000000
63.000000
61.000000
58.000000
56.000000
53.000000
52.000000
50.000000
47.000000
46.000000
44.000000
44.000000
42.000000
39.000000
37.000000
36.000000
34.000000
32.000000
30.000000
30.000000
30.000000
28.000000
27.000000
26.000000
25.000000
22.000000
21.000000
21.000000
20.000000
20.000000
18.000000
17.000000
17.000000
16.000000
15.000000
14.000000
14.000000
13.000000
13.000000
12.000000
12.000000
12.000000
11.000000
11.000000
9.000000
9.000000
9.000000
8.000000
8.000000
8.000000
7.000000
7.000000
6.000000
6.000000
5.000000
5.000000
5.000000
5.000000
4.000000
4.000000
4.000000
4.000000
4.000000
3.000000
3.000000
3.000000
3.000000
3.000000
3.000000
2.000000
2.000000
2.000000
2.000000
1.000000
1.000000
1.000000
1.000000
1.000000
1.000000
1.000000
1.000000
1.000000
1.000000
0.000000
0.000000
0.000000
0.000000
0.000000
0.000000
0.000000
0.000000
0.000000
0.000000
0.000000
0.000000
0.000000
0.000000
0.000000
0.000000
0.000000
0.000000
0.000000
0.000000
0.000000
0.000000
0.000000
0.000000
0.000000
0.000000
0.000000
0.000000
0.000000
0.000000
0.000000
0.000000
0.000000
0.000000
0.000000
0.000000
0.000000
0.000000
0.000000
0.000000
