18227.000000
14294.000000
11018.000000
7656.000000
5454.000000
4769.000000
4282.000000
3342.000000
2916.000000
2643.000000
2146.000000
1698.000000
1555.000000
1376.000000
1329.000000
1274.000000
1151.000000
1002.000000
952.000000
923.000000
798.000000
720.000000
698.000000
668.000000
616.000000
604.000000
540.000000
524.000000
517.000000
504.000000
442.000000
413.000000
387.000000
350.000000
331.000000
318.000000
306.000000
294.000000
272.000000
267.000000
242.000000
238.000000
228.000000
216.000000
208.000000
204.000000
178.000000
177.000000
169.000000
156.000000
154.000000
144.000000
138.000000
132.000000
127.000000
123.000000
116.000000
114.000000
106.000000
105.000000
100.000000
95.000000
87.000000
87.000000
85.000000
83.000000
79.000000
73.000000
72.000000
69.000000
68.000000
65.000000
62.000000
60.000000
56.000000
55.000000
54.000000
53.000000
49.000000
47.000000
45.000000
42.000000
41.000000
38.000000
37.000000
36.000000
34.000000
33.000000
32.000000
31.000000
30.000000
28.000000
26.000000
26.000000
25.000000
25.000000
24.000000
23.000000
22.000000
21.000000
20.000000
19.000000
19.000000
18.000000
17.000000
16.000000
16.000000
15.000000
14.000000
14.000000
12.000000
12.000000
11.000000
11.000000
10.000000
10.000000
10.000000
9.000000
9.000000
8.000000
7.000000
7.000000
7.000000
6.000000
6.000000
6.000000
5.000000
5.000000
5.000000
5.000000
4.000000
4.000000
4.000000
4.000000
4.000000
4.000000
3.000000
3.000000
3.000000
2.000000
2.000000
2.000000
2.000000
2.000000
2.000000
1.000000
1.000000
1.000000
1.000000
1.000000
1.000000
1.000000
1.000000
0.000000
0.000000
0.000000
0.000000
0.000000
0.000000
0.000000
0.000000
0.000000
0.000000
0.000000
0.000000
0.000000
0.000000
0.000000
0.000000
0.000000
0.000000
0.000000
0.000000
0.000000
0.000000
0.000000
0.000000
0.000000
0.000000
0.000000
0.000000
0.000000
0.000000
0.000000
0.000000
0.000000
0.000000
0.000000
0.000000
0.000000
0.000000
0.000000
0.000000
0.000000
0.000000
0.000000
