14387.000000
11288.000000
8742.000000
5260.000000
3815.000000
2687.000000
1852.000000
1713.000000
1222.000000
1134.000000
937.000000
881.000000
802.000000
774.000000
636.000000
601.000000
550.000000
479.000000
394.000000
384.000000
360.000000
298.000000
292.000000
272.000000
252.000000
236.000000
218.000000
205.000000
196.000000
177.000000
164.000000
145.000000
142.000000
138.000000
130.000000
115.000000
109.000000
107.000000
94.000000
92.000000
87.000000
85.000000
79.000000
70.000000
66.000000
64.000000
59.000000
56.000000
53.000000
53.000000
50.000000
46.000000
44.000000
43.000000
39.000000
38.000000
37.000000
36.000000
32.000000
30.000000
29.000000
26.000000
25.000000
25.000000
23.000000
21.000000
20.000000
19.000000
17.000000
17.000000
17.000000
16.000000
16.000000
14.000000
13.000000
12.000000
12.000000
11.000000
11.000000
10.000000
10.000000
9.000000
9.000000
8.000000
7.000000
7.000000
7.000000
7.000000
6.000000
6.000000
5.000000
5.000000
5.000000
4.000000
4.000000
4.000000
4.000000
3.000000
3.000000
3.000000
3.000000
3.000000
3.000000
2.000000
2.000000
2.000000
2.000000
2.000000
1.000000
1.000000
1.000000
1.000000
1.000000
1.000000
1.000000
1.000000
1.000000
1.000000
1.000000
1.000000
0.000000
0.000000
0.000000
0.000000
0.000000
0.000000
0.000000
0.000000
0.000000
0.000000
0.000000
0.000000
0.000000
0.000000
0.000000
0.000000
0.000000
0.000000
0.000000
0.000000
0.000000
0.000000
0.000000
0.000000
0.000000
0.000000
0.000000
0.000000
0.000000
0.000000
0.000000
0.000000
0.000000
0.000000
0.000000
0.000000
0.000000
0.000000
0.000000
0.000000
0.000000
0.000000
0.000000
0.000000
0.000000
0.000000
0.000000
0.000000
0.000000
0.000000
0.000000
0.000000
0.000000
0.000000
0.000000
0.000000
0.000000
0.000000
0.000000
0.000000
0.000000
0.000000
0.000000
0.000000
0.000000
0.000000
0.000000
0.000000
0.000000
0.000000
0.000000
0.000000
0.000000
0.000000
0.000000
0.000000
